Date,Open,Max,Min,Close,Volume,TradeSize
31.10.2018,0.35,0.35,0.35,0.35,1655,579
30.10.2018,0.35,0.35,0.35,0.35,289,101
29.10.2018,0.37,0.37,0.37,0.37,10,4
19.10.2018,0.38,0.38,0.38,0.38,120,46
18.10.2018,0.36,0.36,0.36,0.36,1,0
17.10.2018,0.38,0.38,0.38,0.38,60,23
16.10.2018,0.38,0.38,0.38,0.38,100,38
15.10.2018,0.38,0.38,0.38,0.38,515,196
12.10.2018,0.36,0.36,0.36,0.36,3266,1176
11.10.2018,0.38,0.38,0.38,0.38,328,125
10.10.2018,0.36,0.36,0.36,0.36,16,6
08.10.2018,0.38,0.38,0.38,0.38,200,76
03.10.2018,0.36,0.38,0.36,0.38,1814,663
02.10.2018,0.37,0.37,0.37,0.37,734,272
28.09.2018,0.37,0.39,0.37,0.39,541,203
26.09.2018,0.37,0.39,0.37,0.39,325,126
25.09.2018,0.39,0.39,0.37,0.37,144,56
24.09.2018,0.39,0.39,0.39,0.39,301,117
20.09.2018,0.40,0.40,0.40,0.40,250,100
19.09.2018,0.40,0.40,0.40,0.40,200,80
18.09.2018,0.37,0.39,0.37,0.39,752,289
17.09.2018,0.38,0.38,0.38,0.38,4000,1520
14.09.2018,0.38,0.38,0.38,0.38,600,228
10.09.2018,0.38,0.40,0.38,0.40,606,238
07.09.2018,0.40,0.40,0.40,0.40,17,7
05.09.2018,0.39,0.40,0.39,0.40,27699,10848
31.08.2018,0.41,0.41,0.41,0.41,1000,410
30.08.2018,0.41,0.41,0.37,0.37,2010,824
28.08.2018,0.41,0.41,0.41,0.41,2000,820
27.08.2018,0.40,0.40,0.40,0.40,17613,7045
23.08.2018,0.40,0.40,0.40,0.40,20000,8000
22.08.2018,0.36,0.36,0.36,0.36,3,1
21.08.2018,0.37,0.39,0.37,0.39,650,247
20.08.2018,0.39,0.39,0.39,0.39,7300,2847
17.08.2018,0.38,0.39,0.38,0.39,12918,4969
13.08.2018,0.39,0.39,0.39,0.39,6000,2340
10.08.2018,0.40,0.40,0.40,0.40,4708,1883
09.08.2018,0.40,0.40,0.40,0.40,3000,1200
06.08.2018,0.39,0.40,0.39,0.40,5140,2006
03.08.2018,0.38,0.39,0.38,0.39,807,308
02.08.2018,0.38,0.38,0.38,0.38,20743,7882
01.08.2018,0.37,0.38,0.37,0.38,12896,4792
30.07.2018,0.37,0.37,0.37,0.37,2000,740
27.07.2018,0.37,0.37,0.37,0.37,1500,555
26.07.2018,0.35,0.36,0.35,0.36,4393,1562
25.07.2018,0.37,0.37,0.36,0.36,5500,2015
23.07.2018,0.33,0.37,0.33,0.37,1342,449
20.07.2018,0.33,0.33,0.33,0.33,2374,783
19.07.2018,0.37,0.37,0.37,0.37,18,7
18.07.2018,0.37,0.37,0.37,0.37,3982,1473
13.07.2018,0.38,0.38,0.38,0.38,200,76
12.07.2018,0.38,0.38,0.38,0.38,5300,2014
11.07.2018,0.38,0.38,0.38,0.38,500,190
10.07.2018,0.38,0.38,0.38,0.38,666,253
09.07.2018,0.38,0.38,0.38,0.38,3000,1140
06.07.2018,0.37,0.37,0.37,0.37,400,148
05.07.2018,0.38,0.38,0.35,0.35,550,203
03.07.2018,0.37,0.37,0.37,0.37,3498,1294
02.07.2018,0.37,0.37,0.37,0.37,2000,740
29.06.2018,0.37,0.37,0.37,0.37,1500,555
27.06.2018,0.37,0.37,0.37,0.37,1,0
26.06.2018,0.32,0.35,0.32,0.35,4750,1603
25.06.2018,0.37,0.37,0.37,0.37,2000,740
22.06.2018,0.36,0.36,0.36,0.36,3616,1302
21.06.2018,0.35,0.35,0.35,0.35,31758,11115
20.06.2018,0.32,0.32,0.32,0.32,12273,3927
19.06.2018,0.29,0.30,0.29,0.30,7813,2323
18.06.2018,0.29,0.29,0.29,0.29,500,145
15.06.2018,0.28,0.28,0.28,0.28,94,26
14.06.2018,0.27,0.28,0.27,0.28,597,163
13.06.2018,0.28,0.28,0.28,0.28,1571,440
12.06.2018,0.28,0.28,0.28,0.28,32,9
11.06.2018,0.28,0.28,0.28,0.28,1950,546
07.06.2018,0.29,0.29,0.29,0.29,750,218
06.06.2018,0.29,0.29,0.29,0.29,100,29
05.06.2018,0.27,0.28,0.27,0.28,1980,546
04.06.2018,0.25,0.27,0.25,0.27,8708,2217
01.06.2018,0.29,0.29,0.27,0.27,5991,1737
30.05.2018,0.30,0.30,0.29,0.29,9599,2855
29.05.2018,0.32,0.32,0.32,0.32,1,0
28.05.2018,0.32,0.32,0.29,0.29,20745,6631
25.05.2018,0.30,0.32,0.30,0.32,10021,3007
23.05.2018,0.33,0.33,0.33,0.33,10,3
22.05.2018,0.30,0.30,0.30,0.30,2763,829
21.05.2018,0.31,0.33,0.31,0.33,9510,2948
18.05.2018,0.30,0.30,0.30,0.30,6530,1959
17.05.2018,0.34,0.34,0.33,0.33,1999,675
16.05.2018,0.34,0.34,0.34,0.34,3057,1039
14.05.2018,0.34,0.34,0.34,0.34,1500,510
11.05.2018,0.34,0.34,0.34,0.34,12000,4080
09.05.2018,0.35,0.35,0.35,0.35,600,210
30.04.2018,0.31,0.35,0.31,0.35,3935,1345
27.04.2018,0.36,0.36,0.36,0.36,2835,1021
26.04.2018,0.35,0.38,0.35,0.38,1340,469
25.04.2018,0.37,0.37,0.35,0.35,28973,10266
24.04.2018,0.38,0.40,0.38,0.40,4683,1780
19.04.2018,0.41,0.41,0.41,0.41,5000,2050
13.04.2018,0.40,0.40,0.40,0.40,3000,1200
11.04.2018,0.40,0.40,0.40,0.40,80,32
10.04.2018,0.39,0.39,0.39,0.39,2827,1103
09.04.2018,0.40,0.40,0.40,0.40,8173,3269
05.04.2018,0.40,0.40,0.40,0.40,10,4
04.04.2018,0.38,0.38,0.37,0.37,4364,1617
29.03.2018,0.41,0.41,0.41,0.41,250,103
28.03.2018,0.40,0.40,0.40,0.40,1259,504
27.03.2018,0.40,0.40,0.40,0.40,3741,1496
26.03.2018,0.40,0.40,0.40,0.40,500,200
23.03.2018,0.38,0.40,0.38,0.40,2516,956
22.03.2018,0.40,0.40,0.40,0.40,930,372
21.03.2018,0.41,0.41,0.41,0.41,400,164
20.03.2018,0.40,0.40,0.40,0.40,11816,4726
19.03.2018,0.39,0.39,0.39,0.39,222,87
16.03.2018,0.40,0.40,0.39,0.39,2440,954
15.03.2018,0.40,0.40,0.40,0.40,250,100
13.03.2018,0.41,0.41,0.41,0.41,1250,513
12.03.2018,0.40,0.40,0.40,0.40,3100,1240
09.03.2018,0.41,0.41,0.41,0.41,407,167
07.03.2018,0.41,0.41,0.41,0.41,1670,685
05.03.2018,0.42,0.42,0.42,0.42,10000,4200
01.03.2018,0.41,0.42,0.41,0.42,724,301
28.02.2018,0.43,0.43,0.43,0.43,1250,538
27.02.2018,0.42,0.42,0.42,0.42,6000,2520
26.02.2018,0.41,0.41,0.41,0.41,660,271
20.02.2018,0.43,0.43,0.43,0.43,11641,5006
14.02.2018,0.43,0.43,0.43,0.43,23,10
13.02.2018,0.42,0.43,0.42,0.43,10912,4584
12.02.2018,0.41,0.42,0.41,0.42,2066,848
09.02.2018,0.41,0.41,0.41,0.41,4283,1756
08.02.2018,0.41,0.41,0.41,0.41,12150,4982
07.02.2018,0.38,0.41,0.38,0.41,19429,7631
05.02.2018,0.42,0.42,0.42,0.42,1500,630
02.02.2018,0.40,0.40,0.40,0.40,1901,760
01.02.2018,0.40,0.40,0.40,0.40,13001,5200
31.01.2018,0.41,0.43,0.41,0.43,889,372
30.01.2018,0.40,0.41,0.40,0.41,690,278
29.01.2018,0.41,0.41,0.41,0.41,500,205
24.01.2018,0.44,0.45,0.44,0.45,170,76
23.01.2018,0.44,0.44,0.44,0.44,2000,880
22.01.2018,0.45,0.45,0.45,0.45,1600,720
19.01.2018,0.44,0.44,0.44,0.44,17966,7905
18.01.2018,0.41,0.42,0.41,0.42,7931,3324
17.01.2018,0.42,0.42,0.40,0.40,2720,1142
16.01.2018,0.40,0.40,0.40,0.40,1048,419
15.01.2018,0.43,0.43,0.42,0.42,4207,1787
12.01.2018,0.42,0.43,0.42,0.43,39518,16883
11.01.2018,0.41,0.41,0.41,0.41,8148,3341
10.01.2018,0.41,0.41,0.41,0.41,540,221
09.01.2018,0.42,0.42,0.42,0.42,5000,2100
08.01.2018,0.42,0.42,0.42,0.42,888,373
05.01.2018,0.43,0.43,0.42,0.42,2123,902
04.01.2018,0.43,0.43,0.43,0.43,20,9
03.01.2018,0.44,0.44,0.44,0.44,17,7
29.12.2017,0.41,0.41,0.40,0.41,4986,2038
28.12.2017,0.40,0.41,0.38,0.41,37674,15105
27.12.2017,0.43,0.43,0.39,0.39,59475,24065
22.12.2017,0.43,0.43,0.42,0.43,6263,2650
21.12.2017,0.42,0.44,0.42,0.43,9523,4069
20.12.2017,0.44,0.44,0.43,0.43,10858,4752
19.12.2017,0.44,0.45,0.44,0.44,14352,6326
18.12.2017,0.44,0.44,0.43,0.44,21897,9521
15.12.2017,0.44,0.47,0.44,0.47,10171,4647
14.12.2017,0.44,0.46,0.44,0.46,13601,6220
13.12.2017,0.44,0.46,0.44,0.46,301,138
12.12.2017,0.45,0.46,0.44,0.46,6499,2881
11.12.2017,0.46,0.47,0.45,0.47,7788,3565
08.12.2017,0.46,0.47,0.45,0.47,4399,2016
07.12.2017,0.47,0.48,0.46,0.46,3921,1837
06.12.2017,0.46,0.48,0.46,0.47,6849,3215
05.12.2017,0.46,0.49,0.45,0.46,28377,13351
04.12.2017,0.47,0.49,0.47,0.49,4964,2341
01.12.2017,0.48,0.49,0.47,0.49,3656,1756
30.11.2017,0.49,0.49,0.48,0.49,6705,3235
29.11.2017,0.48,0.49,0.47,0.49,2920,1390
28.11.2017,0.48,0.48,0.48,0.48,1,0
27.11.2017,0.49,0.50,0.48,0.49,25953,12555
24.11.2017,0.48,0.52,0.48,0.52,15497,7750
23.11.2017,0.48,0.49,0.47,0.49,8608,4149
22.11.2017,0.50,0.50,0.47,0.50,320,154
21.11.2017,0.48,0.50,0.48,0.50,1543,742
20.11.2017,0.50,0.50,0.50,0.50,4800,2400
17.11.2017,0.48,0.50,0.45,0.50,11370,5400
16.11.2017,0.50,0.50,0.50,0.50,279,140
15.11.2017,0.50,0.51,0.50,0.51,8221,4171
14.11.2017,0.52,0.52,0.50,0.52,20671,10427
13.11.2017,0.53,0.53,0.51,0.52,14412,7427
10.11.2017,0.48,0.55,0.48,0.54,73553,38618
09.11.2017,0.50,0.51,0.49,0.51,1870,936
08.11.2017,0.52,0.53,0.50,0.51,56120,28481
07.11.2017,0.51,0.54,0.51,0.51,8532,4352
06.11.2017,0.52,0.52,0.49,0.51,56488,28076
03.11.2017,0.58,0.58,0.52,0.52,45680,24654
02.11.2017,0.47,0.59,0.47,0.58,217861,118838
31.10.2017,0.47,0.48,0.45,0.48,31986,14801
30.10.2017,0.50,0.50,0.47,0.49,7614,3665
27.10.2017,0.50,0.50,0.48,0.48,10061,4886
26.10.2017,0.48,0.48,0.48,0.48,7,3
25.10.2017,0.48,0.48,0.48,0.48,991,476
23.10.2017,0.49,0.51,0.49,0.51,201,102
20.10.2017,0.50,0.51,0.48,0.51,3265,1649
19.10.2017,0.47,0.50,0.47,0.50,100,50
18.10.2017,0.47,0.50,0.47,0.50,2000,980
17.10.2017,0.49,0.50,0.47,0.50,2534,1229
16.10.2017,0.48,0.48,0.48,0.48,1019,489
13.10.2017,0.50,0.50,0.48,0.49,11386,5646
12.10.2017,0.52,0.52,0.50,0.52,6533,3348
11.10.2017,0.51,0.52,0.50,0.52,5511,2851
10.10.2017,0.53,0.53,0.50,0.51,7687,3881
09.10.2017,0.50,0.53,0.50,0.53,22179,11483
06.10.2017,0.47,0.49,0.46,0.48,42842,20079
05.10.2017,0.49,0.50,0.48,0.49,5255,2577
04.10.2017,0.50,0.51,0.50,0.50,6017,3032
03.10.2017,0.48,0.51,0.48,0.50,6851,3394
02.10.2017,0.50,0.50,0.50,0.50,1048,524
28.09.2017,0.51,0.51,0.51,0.51,300,153
27.09.2017,0.50,0.52,0.48,0.51,14428,7215
26.09.2017,0.52,0.53,0.50,0.52,35127,17869
25.09.2017,0.55,0.55,0.50,0.51,78183,40209
22.09.2017,0.56,0.58,0.56,0.58,5992,3394
21.09.2017,0.60,0.60,0.56,0.58,8753,4979
20.09.2017,0.58,0.58,0.58,0.58,3400,1972
19.09.2017,0.61,0.61,0.58,0.61,14844,8783
18.09.2017,0.57,0.62,0.57,0.62,14483,8605
15.09.2017,0.56,0.56,0.55,0.56,39766,22264
14.09.2017,0.65,0.65,0.54,0.57,60290,36397
31.08.2017,0.32,0.32,0.32,0.32,35510,11363
30.08.2017,0.34,0.34,0.34,0.34,730,248
29.08.2017,0.34,0.34,0.34,0.34,1000,340
28.08.2017,0.33,0.34,0.33,0.34,9235,3076
24.08.2017,0.35,0.35,0.35,0.35,10000,3500
23.08.2017,0.33,0.35,0.33,0.35,5200,1720
21.08.2017,0.35,0.35,0.35,0.35,40,14
18.08.2017,0.36,0.36,0.34,0.34,17520,6110
17.08.2017,0.35,0.35,0.33,0.33,3610,1263
16.08.2017,0.36,0.36,0.36,0.36,20,7
14.08.2017,0.33,0.36,0.33,0.36,90,32
11.08.2017,0.34,0.36,0.34,0.36,1043,367
10.08.2017,0.34,0.36,0.34,0.36,3712,1264
09.08.2017,0.35,0.35,0.35,0.35,6388,2236
08.08.2017,0.35,0.35,0.35,0.35,22611,7914
07.08.2017,0.37,0.37,0.37,0.37,200,74
04.08.2017,0.37,0.37,0.35,0.35,1453,510
03.08.2017,0.35,0.35,0.35,0.35,15534,5437
02.08.2017,0.37,0.37,0.37,0.37,1100,407
31.07.2017,0.37,0.37,0.37,0.37,2000,740
28.07.2017,0.36,0.36,0.36,0.36,11985,4315
27.07.2017,0.36,0.36,0.36,0.36,158,57
26.07.2017,0.37,0.37,0.35,0.35,15009,5553
25.07.2017,0.37,0.37,0.37,0.37,850,315
24.07.2017,0.38,0.38,0.37,0.37,28308,10575
21.07.2017,0.36,0.38,0.36,0.38,21810,7952
20.07.2017,0.33,0.34,0.33,0.34,9582,3232
19.07.2017,0.32,0.33,0.32,0.33,15600,5033
18.07.2017,0.31,0.31,0.31,0.31,34102,10572
17.07.2017,0.32,0.32,0.31,0.31,5003,1551
14.07.2017,0.31,0.31,0.31,0.31,31392,9732
13.07.2017,0.33,0.33,0.32,0.32,51280,16675
12.07.2017,0.33,0.34,0.33,0.34,14091,4709
11.07.2017,0.34,0.34,0.33,0.33,30555,10381
10.07.2017,0.35,0.35,0.35,0.35,13608,4763
06.07.2017,0.36,0.36,0.36,0.36,20787,7483
05.07.2017,0.37,0.37,0.36,0.36,22992,8352
04.07.2017,0.38,0.38,0.38,0.38,34595,13146
03.07.2017,0.39,0.39,0.39,0.39,11807,4605
30.06.2017,0.40,0.41,0.40,0.41,410,166
29.06.2017,0.41,0.41,0.40,0.41,12649,5184
28.06.2017,0.39,0.41,0.39,0.40,8834,3534
27.06.2017,0.39,0.40,0.38,0.40,4591,1803
26.06.2017,0.39,0.40,0.39,0.40,6814,2722
23.06.2017,0.39,0.40,0.39,0.40,7,3
22.06.2017,0.38,0.40,0.38,0.40,15454,6008
21.06.2017,0.39,0.40,0.38,0.38,26521,10155
20.06.2017,0.39,0.39,0.39,0.39,1000,390
19.06.2017,0.39,0.40,0.39,0.40,961,384
16.06.2017,0.39,0.40,0.38,0.40,40964,15978
14.06.2017,0.39,0.41,0.39,0.41,202,83
13.06.2017,0.39,0.41,0.39,0.40,11869,4743
12.06.2017,0.41,0.41,0.41,0.41,2100,861
09.06.2017,0.39,0.40,0.39,0.40,27781,10922
08.06.2017,0.40,0.41,0.38,0.41,47883,18848
07.06.2017,0.44,0.44,0.40,0.42,39233,15958
06.06.2017,0.44,0.44,0.44,0.44,19500,8580
05.06.2017,0.40,0.44,0.40,0.44,31809,13040
02.06.2017,0.40,0.43,0.40,0.43,54775,22315
01.06.2017,0.39,0.40,0.39,0.40,4065,1605
31.05.2017,0.39,0.40,0.38,0.40,11415,4412
30.05.2017,0.38,0.40,0.38,0.40,23997,9219
29.05.2017,0.39,0.41,0.38,0.40,28286,11236
26.05.2017,0.38,0.40,0.38,0.40,4638,1833
25.05.2017,0.40,0.41,0.38,0.41,8013,3205
24.05.2017,0.39,0.41,0.39,0.41,8325,3300
23.05.2017,0.40,0.40,0.40,0.40,3621,1448
22.05.2017,0.40,0.40,0.39,0.40,10646,4258
19.05.2017,0.41,0.42,0.39,0.41,26463,10591
18.05.2017,0.42,0.42,0.38,0.41,52323,20959
17.05.2017,0.42,0.43,0.42,0.42,34769,14613
16.05.2017,0.43,0.43,0.42,0.43,5993,2575
15.05.2017,0.42,0.44,0.42,0.44,9460,3999
12.05.2017,0.44,0.44,0.42,0.43,43943,18796
11.05.2017,0.43,0.44,0.43,0.43,8864,3832
10.05.2017,0.44,0.44,0.43,0.44,38175,16728
09.05.2017,0.44,0.44,0.43,0.44,28403,12339
08.05.2017,0.44,0.46,0.44,0.45,32686,14729
05.05.2017,0.44,0.45,0.44,0.44,15845,7073
04.05.2017,0.45,0.45,0.44,0.45,28521,12745
02.05.2017,0.44,0.46,0.42,0.45,110416,49141
28.04.2017,0.44,0.45,0.42,0.44,154741,67164
27.04.2017,0.46,0.46,0.44,0.45,148767,67220
26.04.2017,0.47,0.48,0.46,0.46,36101,16922
25.04.2017,0.47,0.48,0.47,0.48,61187,28854
24.04.2017,0.48,0.48,0.46,0.48,139274,64891
21.04.2017,0.49,0.50,0.47,0.47,98188,47012
20.04.2017,0.50,0.53,0.48,0.49,838889,425788
19.04.2017,0.47,0.53,0.47,0.50,267773,134685
18.04.2017,0.49,0.49,0.47,0.49,57212,27517
13.04.2017,0.49,0.49,0.47,0.48,145634,69400
12.04.2017,0.49,0.51,0.48,0.50,100158,49475
11.04.2017,0.50,0.52,0.49,0.51,101634,51138
10.04.2017,0.59,0.62,0.49,0.50,2273998,1200242
07.04.2017,0.48,0.57,0.47,0.57,1038371,561561
06.04.2017,0.47,0.48,0.47,0.48,49748,23386
05.04.2017,0.46,0.47,0.46,0.47,39798,18317
04.04.2017,0.46,0.47,0.44,0.46,128815,58905
03.04.2017,0.49,0.49,0.45,0.45,141216,65116
31.03.2017,0.48,0.49,0.46,0.48,120613,57397
30.03.2017,0.49,0.51,0.47,0.48,190238,91493
29.03.2017,0.52,0.52,0.50,0.50,78078,39059
28.03.2017,0.51,0.52,0.50,0.51,55725,27882
27.03.2017,0.50,0.52,0.50,0.52,165637,84002
24.03.2017,0.50,0.53,0.49,0.52,207538,106567
23.03.2017,0.51,0.51,0.48,0.51,97905,48344
22.03.2017,0.52,0.52,0.50,0.51,179966,91044
21.03.2017,0.53,0.54,0.51,0.53,147798,76603
20.03.2017,0.52,0.56,0.51,0.55,422330,225555
17.03.2017,0.53,0.55,0.52,0.53,117926,62745
16.03.2017,0.53,0.55,0.50,0.53,179721,93401
15.03.2017,0.55,0.55,0.53,0.55,65850,35245
14.03.2017,0.56,0.56,0.53,0.55,266786,144313
13.03.2017,0.54,0.57,0.53,0.54,283589,154456
10.03.2017,0.56,0.57,0.53,0.55,154929,84075
09.03.2017,0.57,0.59,0.53,0.56,336175,184160
08.03.2017,0.54,0.62,0.54,0.57,678179,395341
07.03.2017,0.55,0.56,0.53,0.55,248419,135019
06.03.2017,0.57,0.57,0.54,0.55,531101,292217
03.03.2017,0.57,0.60,0.53,0.57,2060549,1184684
02.03.2017,0.46,0.55,0.45,0.55,2362160,1185379
01.03.2017,0.43,0.50,0.42,0.45,2343692,1087183
28.02.2017,0.44,0.45,0.40,0.44,984686,412989
27.02.2017,0.44,0.45,0.43,0.44,437945,190746
24.02.2017,0.45,0.46,0.43,0.44,1070214,473156
23.02.2017,0.45,0.48,0.42,0.44,953237,423677
22.02.2017,0.42,0.47,0.36,0.45,3425307,1414149
21.02.2017,0.53,0.54,0.41,0.41,5138363,2318822
20.02.2017,0.65,0.66,0.51,0.51,5968488,3272901
17.02.2017,0.71,0.78,0.58,0.66,1674693,1043803
16.02.2017,0.87,0.88,0.65,0.69,1813983,1303870
15.02.2017,0.99,1.06,0.80,0.80,1425373,1218237
14.02.2017,1.19,1.26,0.98,0.99,1079108,1095017
13.02.2017,1.02,1.20,1.00,1.20,69433,73523
10.02.2017,1.35,1.44,1.02,1.02,1142412,1250452
09.02.2017,1.11,1.34,1.11,1.34,231968,298543
08.02.2017,1.09,1.22,1.09,1.22,177822,213340
07.02.2017,0.98,1.07,0.93,1.07,298446,301086
06.02.2017,0.71,0.92,0.71,0.92,1487934,1278919
03.02.2017,0.64,0.74,0.62,0.74,127057,86500
02.02.2017,0.70,0.73,0.63,0.66,101457,67735
01.02.2017,0.58,0.69,0.56,0.69,207420,141119
31.01.2017,0.55,0.60,0.55,0.56,17965,10599
30.01.2017,0.56,0.59,0.55,0.56,11298,6385
27.01.2017,0.57,0.58,0.56,0.56,10124,5852
26.01.2017,0.57,0.57,0.56,0.56,3405,1941
25.01.2017,0.55,0.57,0.54,0.57,9411,5173
24.01.2017,0.56,0.56,0.54,0.54,11436,6257
23.01.2017,0.58,0.58,0.54,0.57,10051,5469
20.01.2017,0.55,0.58,0.55,0.58,2107,1179
19.01.2017,0.58,0.58,0.58,0.58,300,174
18.01.2017,0.55,0.58,0.54,0.58,1622,886
17.01.2017,0.55,0.58,0.55,0.58,558,308
16.01.2017,0.54,0.58,0.54,0.58,1580,853
13.01.2017,0.58,0.58,0.58,0.58,3,2
12.01.2017,0.55,0.56,0.55,0.56,9985,5532
11.01.2017,0.55,0.56,0.55,0.56,4828,2660
10.01.2017,0.55,0.57,0.55,0.57,6015,3309
09.01.2017,0.55,0.58,0.55,0.58,38674,21298
05.01.2017,0.55,0.57,0.55,0.57,12723,7035
04.01.2017,0.55,0.57,0.54,0.57,46520,25200
03.01.2017,0.59,0.59,0.54,0.58,39270,21598
02.01.2017,0.55,0.59,0.55,0.59,12690,7134
30.12.2016,0.56,0.57,0.56,0.57,3040,1705
29.12.2016,0.54,0.57,0.54,0.57,3437,1922
28.12.2016,0.58,0.58,0.54,0.57,24530,13530
27.12.2016,0.55,0.58,0.51,0.58,65918,36641
23.12.2016,0.57,0.58,0.52,0.53,69293,36509
22.12.2016,0.56,0.58,0.55,0.58,11154,6173
21.12.2016,0.59,0.59,0.56,0.59,9436,5420
20.12.2016,0.59,0.59,0.58,0.59,1520,897
19.12.2016,0.59,0.62,0.57,0.57,10062,5917
16.12.2016,0.57,0.64,0.57,0.63,13436,8287
15.12.2016,0.65,0.65,0.59,0.62,65207,39009
14.12.2016,0.64,0.64,0.64,0.64,2262,1448
13.12.2016,0.65,0.65,0.65,0.65,500,325
12.12.2016,0.67,0.67,0.64,0.66,1842,1206
09.12.2016,0.64,0.67,0.63,0.64,5386,3415
08.12.2016,0.64,0.67,0.64,0.67,8270,5328
07.12.2016,0.64,0.67,0.64,0.67,1912,1251
06.12.2016,0.64,0.66,0.62,0.66,21278,13310
05.12.2016,0.63,0.69,0.63,0.69,4930,3164
02.12.2016,0.69,0.69,0.63,0.69,2862,1805
01.12.2016,0.66,0.69,0.63,0.69,3052,2014
30.11.2016,0.64,0.69,0.62,0.69,5932,3874
29.11.2016,0.64,0.65,0.64,0.65,2126,1381
25.11.2016,0.63,0.67,0.62,0.67,1521,949
23.11.2016,0.66,0.70,0.63,0.65,24157,15753
22.11.2016,0.67,0.67,0.67,0.67,2684,1798
21.11.2016,0.68,0.68,0.65,0.68,5644,3771
18.11.2016,0.70,0.70,0.67,0.68,1574,1077
16.11.2016,0.69,0.71,0.69,0.70,8884,6170
15.11.2016,0.67,0.67,0.67,0.67,550,369
14.11.2016,0.69,0.69,0.68,0.68,445,307
10.11.2016,0.68,0.69,0.68,0.69,9436,6432
09.11.2016,0.69,0.69,0.68,0.68,5990,4103
08.11.2016,0.68,0.72,0.68,0.72,8936,6404
07.11.2016,0.68,0.72,0.68,0.72,15453,10510
04.11.2016,0.69,0.72,0.69,0.72,2038,1417
03.11.2016,0.67,0.72,0.67,0.68,2954,2003
02.11.2016,0.72,0.73,0.70,0.73,14700,10326
31.10.2016,0.72,0.74,0.72,0.72,1999,1447
28.10.2016,0.71,0.76,0.71,0.76,3876,2752
27.10.2016,0.74,0.74,0.74,0.74,10000,7400
26.10.2016,0.76,0.76,0.76,0.76,20,15
25.10.2016,0.76,0.76,0.76,0.76,17000,12920
24.10.2016,0.77,0.77,0.74,0.77,3211,2412
21.10.2016,0.74,0.77,0.74,0.77,19210,14221
20.10.2016,0.71,0.74,0.71,0.74,3410,2475
19.10.2016,0.75,0.75,0.75,0.75,10,8
18.10.2016,0.74,0.74,0.71,0.71,9216,6642
17.10.2016,0.77,0.77,0.75,0.75,3799,2899
14.10.2016,0.79,0.79,0.75,0.79,652,513
13.10.2016,0.76,0.79,0.74,0.79,13311,10080
12.10.2016,0.75,0.79,0.75,0.79,6016,4607
11.10.2016,0.78,0.80,0.77,0.79,103946,81048
10.10.2016,0.78,0.81,0.78,0.81,888,696
07.10.2016,0.81,0.81,0.79,0.81,11509,9126
06.10.2016,0.80,0.82,0.78,0.82,116676,92722
05.10.2016,0.79,0.79,0.77,0.77,3001,2371
04.10.2016,0.75,0.81,0.75,0.81,1151,863
03.10.2016,0.82,0.82,0.75,0.82,7422,6029
30.09.2016,0.80,0.82,0.72,0.81,61474,48438
29.09.2016,0.80,0.81,0.77,0.77,35098,27795
28.09.2016,0.76,0.80,0.74,0.79,45300,35374
27.09.2016,0.71,0.78,0.69,0.72,54610,40484
26.09.2016,0.70,0.74,0.69,0.70,2020,1423
23.09.2016,0.70,0.73,0.69,0.73,3514,2448
22.09.2016,0.70,0.73,0.70,0.73,21985,15674
21.09.2016,0.68,0.72,0.68,0.69,5730,4065
20.09.2016,0.69,0.73,0.69,0.73,3105,2205
16.09.2016,0.68,0.73,0.68,0.73,11528,8281
15.09.2016,0.72,0.73,0.68,0.73,45040,32432
14.09.2016,0.68,0.72,0.68,0.72,5255,3648
13.09.2016,0.70,0.71,0.67,0.71,27077,18454
12.09.2016,0.70,0.72,0.69,0.72,9450,6600
09.09.2016,0.69,0.72,0.68,0.70,17383,12106
08.09.2016,0.71,0.72,0.69,0.72,27048,19099
07.09.2016,0.76,0.76,0.69,0.73,49786,35161
06.09.2016,0.73,0.76,0.73,0.73,14250,10663
05.09.2016,0.71,0.73,0.69,0.73,8202,5821
02.09.2016,0.74,0.74,0.71,0.71,17482,12582
01.09.2016,0.70,0.84,0.67,0.76,355181,271145
31.08.2016,0.65,0.69,0.65,0.69,2510,1632
30.08.2016,0.71,0.71,0.65,0.69,59630,39853
29.08.2016,0.64,0.71,0.63,0.70,85716,58481
26.08.2016,0.64,0.70,0.63,0.64,94592,64198
25.08.2016,0.62,0.65,0.62,0.65,9252,5911
24.08.2016,0.64,0.65,0.61,0.64,21738,13860
23.08.2016,0.60,0.63,0.60,0.63,31724,19598
22.08.2016,0.61,0.64,0.60,0.64,9328,5629
19.08.2016,0.65,0.65,0.65,0.65,100,65
18.08.2016,0.61,0.66,0.61,0.65,70395,44589
17.08.2016,0.63,0.64,0.63,0.63,16200,10294
16.08.2016,0.60,0.62,0.60,0.62,14025,8694
12.08.2016,0.61,0.61,0.60,0.60,9153,5517
11.08.2016,0.62,0.63,0.60,0.62,17200,10651
10.08.2016,0.63,0.65,0.62,0.64,5366,3371
09.08.2016,0.64,0.64,0.64,0.64,2028,1298
08.08.2016,0.65,0.67,0.65,0.66,5679,3770
05.08.2016,0.65,0.66,0.63,0.66,8929,5707
04.08.2016,0.63,0.67,0.62,0.64,76630,49122
03.08.2016,0.66,0.68,0.61,0.66,165964,105354
02.08.2016,0.58,0.69,0.58,0.65,243571,156394
01.08.2016,0.58,0.59,0.57,0.59,10462,6053
29.07.2016,0.58,0.59,0.58,0.59,1550,905
28.07.2016,0.59,0.59,0.59,0.59,400,236
27.07.2016,0.57,0.58,0.56,0.57,19920,11354
26.07.2016,0.57,0.59,0.57,0.59,2001,1141
25.07.2016,0.58,0.59,0.57,0.59,16094,9279
22.07.2016,0.60,0.60,0.57,0.59,3165,1805
21.07.2016,0.58,0.60,0.58,0.60,1671,970
20.07.2016,0.60,0.60,0.57,0.60,117,68
19.07.2016,0.57,0.61,0.57,0.60,18297,10481
18.07.2016,0.57,0.61,0.57,0.61,1647,950
15.07.2016,0.58,0.60,0.58,0.60,8506,4935
14.07.2016,0.60,0.61,0.59,0.61,22302,13303
13.07.2016,0.58,0.60,0.57,0.60,5402,3130
12.07.2016,0.58,0.58,0.58,0.58,3740,2169
11.07.2016,0.60,0.60,0.54,0.58,57505,32133
08.07.2016,0.62,0.62,0.59,0.60,8768,5188
07.07.2016,0.61,0.61,0.59,0.61,7688,4627
06.07.2016,0.59,0.61,0.58,0.60,17090,9930
05.07.2016,0.62,0.62,0.61,0.61,38,23
04.07.2016,0.61,0.62,0.58,0.58,15834,9231
01.07.2016,0.60,0.61,0.60,0.61,13800,8385
30.06.2016,0.60,0.62,0.60,0.61,22300,13570
29.06.2016,0.61,0.63,0.60,0.63,4722,2854
28.06.2016,0.61,0.63,0.61,0.63,4773,2938
27.06.2016,0.61,0.61,0.61,0.61,30,18
24.06.2016,0.59,0.62,0.58,0.61,10974,6562
23.06.2016,0.65,0.65,0.60,0.63,6009,3687
22.06.2016,0.67,0.67,0.62,0.65,33953,21568
21.06.2016,0.61,0.72,0.58,0.67,126202,85673
20.06.2016,0.55,0.63,0.55,0.63,16260,9830
17.06.2016,0.56,0.58,0.55,0.58,10058,5541
16.06.2016,0.59,0.59,0.55,0.57,6640,3717
15.06.2016,0.61,0.61,0.56,0.59,26728,15243
14.06.2016,0.60,0.62,0.58,0.61,16460,9657
13.06.2016,0.62,0.63,0.60,0.62,6356,3895
10.06.2016,0.61,0.67,0.61,0.63,72484,46542
09.06.2016,0.62,0.62,0.59,0.59,7710,4594
08.06.2016,0.58,0.61,0.58,0.60,63611,37644
07.06.2016,0.54,0.57,0.54,0.57,29775,16707
06.06.2016,0.55,0.57,0.55,0.57,4121,2307
03.06.2016,0.58,0.58,0.55,0.58,35713,20247
02.06.2016,0.56,0.58,0.56,0.58,3021,1722
01.06.2016,0.58,0.58,0.56,0.56,9242,5177
31.05.2016,0.57,0.59,0.56,0.58,4498,2543
30.05.2016,0.58,0.60,0.57,0.60,8393,4801
27.05.2016,0.60,0.60,0.60,0.60,21,13
25.05.2016,0.60,0.60,0.58,0.60,994,577
24.05.2016,0.57,0.60,0.57,0.60,1298,757
23.05.2016,0.58,0.61,0.58,0.60,13939,8253
20.05.2016,0.64,0.64,0.58,0.58,20139,11797
19.05.2016,0.62,0.66,0.61,0.62,24328,15200
18.05.2016,0.65,0.65,0.62,0.65,12609,8041
17.05.2016,0.66,0.66,0.63,0.66,6068,3925
16.05.2016,0.67,0.67,0.63,0.66,6828,4369
13.05.2016,0.65,0.67,0.65,0.67,8586,5583
12.05.2016,0.65,0.67,0.65,0.67,2802,1821
11.05.2016,0.65,0.67,0.61,0.66,23570,15096
10.05.2016,0.67,0.67,0.62,0.65,6149,3849
09.05.2016,0.64,0.68,0.62,0.67,27239,17419
06.05.2016,0.66,0.66,0.62,0.66,22873,14640
05.05.2016,0.71,0.71,0.68,0.69,2585,1761
04.05.2016,0.71,0.72,0.67,0.70,20358,13907
02.05.2016,0.68,0.73,0.68,0.70,26688,18443
29.04.2016,0.69,0.70,0.66,0.68,45257,30750
28.04.2016,0.70,0.70,0.66,0.66,20581,13749
27.04.2016,0.69,0.74,0.67,0.68,72665,51168
26.04.2016,0.67,0.69,0.66,0.67,72234,48480
25.04.2016,0.72,0.79,0.66,0.67,1049182,736027
22.04.2016,0.65,0.78,0.65,0.71,630534,449026
21.04.2016,0.63,0.65,0.61,0.61,254047,159813
20.04.2016,0.61,0.71,0.58,0.61,861488,553623
19.04.2016,0.60,0.61,0.59,0.61,20702,12354
18.04.2016,0.60,0.60,0.58,0.60,14161,8359
15.04.2016,0.60,0.61,0.58,0.59,28048,16326
14.04.2016,0.60,0.61,0.58,0.61,13513,8089
13.04.2016,0.58,0.61,0.58,0.60,9723,5658
12.04.2016,0.61,0.61,0.59,0.61,18837,11247
11.04.2016,0.62,0.62,0.59,0.61,11602,6919
08.04.2016,0.60,0.62,0.59,0.62,51025,30734
07.04.2016,0.61,0.63,0.59,0.60,125442,77495
06.04.2016,0.57,0.64,0.57,0.61,287929,174230
05.04.2016,0.56,0.57,0.56,0.57,16456,9324
04.04.2016,0.59,0.59,0.57,0.59,57186,33248
01.04.2016,0.62,0.62,0.57,0.59,254277,147640
31.03.2016,0.57,0.67,0.57,0.63,279153,172996
30.03.2016,0.53,0.58,0.53,0.56,73722,41349
29.03.2016,0.56,0.56,0.53,0.55,4402,2362
24.03.2016,0.54,0.56,0.53,0.56,3774,2016
23.03.2016,0.56,0.56,0.54,0.54,23294,12952
22.03.2016,0.56,0.57,0.53,0.56,8423,4573
21.03.2016,0.57,0.58,0.54,0.55,69439,38528
18.03.2016,0.52,0.62,0.52,0.57,1195949,684422
17.03.2016,0.52,0.52,0.52,0.52,17092,8888
16.03.2016,0.53,0.55,0.52,0.54,24026,12569
15.03.2016,0.57,0.58,0.53,0.55,49137,27126
14.03.2016,0.52,0.57,0.52,0.57,26563,14423
11.03.2016,0.53,0.54,0.52,0.54,18799,9801
10.03.2016,0.54,0.54,0.54,0.54,22,12
09.03.2016,0.54,0.54,0.54,0.54,25,14
08.03.2016,0.54,0.54,0.52,0.54,5734,2984
07.03.2016,0.51,0.54,0.51,0.54,4068,2136
04.03.2016,0.53,0.55,0.52,0.52,11029,5769
03.03.2016,0.57,0.57,0.52,0.56,26355,13829
02.03.2016,0.54,0.57,0.54,0.57,6733,3637
01.03.2016,0.59,0.59,0.54,0.57,20545,11389
29.02.2016,0.53,0.58,0.53,0.58,55361,31587
26.02.2016,0.55,0.57,0.52,0.55,31522,17064
25.02.2016,0.55,0.57,0.52,0.55,43202,23669
24.02.2016,0.58,0.58,0.53,0.53,39480,21122
23.02.2016,0.65,0.65,0.54,0.58,165266,94435
22.02.2016,0.55,0.64,0.55,0.62,271100,161562
19.02.2016,0.51,0.56,0.49,0.55,155117,82081
18.02.2016,0.49,0.51,0.49,0.51,20909,10352
17.02.2016,0.50,0.51,0.49,0.50,18939,9436
16.02.2016,0.51,0.53,0.51,0.51,3452,1773
15.02.2016,0.54,0.54,0.51,0.53,11422,5975
12.02.2016,0.51,0.55,0.50,0.55,58365,30257
11.02.2016,0.48,0.51,0.48,0.49,1793,896
10.02.2016,0.51,0.51,0.49,0.51,22987,11527
09.02.2016,0.51,0.52,0.51,0.52,1322,674
08.02.2016,0.50,0.52,0.49,0.52,8429,4237
05.02.2016,0.51,0.53,0.50,0.53,5462,2824
04.02.2016,0.51,0.51,0.51,0.51,300,153
03.02.2016,0.48,0.51,0.48,0.51,10680,5238
02.02.2016,0.51,0.51,0.51,0.51,20,10
01.02.2016,0.49,0.52,0.49,0.50,21422,10628
29.01.2016,0.48,0.49,0.46,0.49,4489,2195
28.01.2016,0.48,0.48,0.48,0.48,5125,2460
27.01.2016,0.49,0.49,0.47,0.47,15288,7488
26.01.2016,0.48,0.48,0.48,0.48,3150,1512
25.01.2016,0.48,0.49,0.48,0.49,20787,10086
22.01.2016,0.50,0.50,0.46,0.46,6746,3215
21.01.2016,0.50,0.50,0.46,0.46,16209,7762
20.01.2016,0.50,0.51,0.49,0.51,50809,25098
19.01.2016,0.51,0.53,0.51,0.53,10500,5420
18.01.2016,0.50,0.53,0.48,0.53,68234,34024
15.01.2016,0.54,0.54,0.50,0.50,82701,42067
14.01.2016,0.57,0.57,0.53,0.55,15670,8355
13.01.2016,0.56,0.57,0.54,0.57,464,254
12.01.2016,0.55,0.57,0.51,0.57,12040,6416
11.01.2016,0.56,0.56,0.55,0.56,13001,7276
08.01.2016,0.55,0.59,0.55,0.58,23633,13253
07.01.2016,0.51,0.53,0.51,0.53,2898,1513
05.01.2016,0.53,0.56,0.50,0.56,27957,15019
04.01.2016,0.54,0.55,0.50,0.50,19824,10327
30.12.2015,0.52,0.57,0.51,0.53,41979,22011
29.12.2015,0.54,0.55,0.52,0.52,5020,2651
28.12.2015,0.53,0.54,0.52,0.52,21570,11341
23.12.2015,0.54,0.57,0.54,0.57,5129,2810
22.12.2015,0.56,0.57,0.54,0.57,11813,6496
21.12.2015,0.56,0.59,0.56,0.59,7450,4200
18.12.2015,0.59,0.59,0.56,0.59,8784,5124
17.12.2015,0.57,0.58,0.55,0.58,14255,8070
16.12.2015,0.57,0.59,0.55,0.57,4350,2487
15.12.2015,0.56,0.58,0.55,0.56,24799,13894
14.12.2015,0.60,0.60,0.57,0.60,3115,1869
11.12.2015,0.61,0.61,0.57,0.61,4660,2740
10.12.2015,0.58,0.63,0.57,0.61,7395,4360
09.12.2015,0.55,0.63,0.55,0.63,18166,10520
08.12.2015,0.59,0.63,0.57,0.61,6905,3989
07.12.2015,0.59,0.63,0.59,0.63,4125,2493
04.12.2015,0.60,0.62,0.57,0.60,14271,8322
03.12.2015,0.62,0.63,0.59,0.63,5399,3355
02.12.2015,0.61,0.62,0.60,0.60,9187,5555
01.12.2015,0.64,0.66,0.61,0.66,702,454
30.11.2015,0.61,0.64,0.61,0.64,5012,3167
27.11.2015,0.65,0.66,0.65,0.66,11630,7676
26.11.2015,0.66,0.66,0.65,0.65,3515,2286
25.11.2015,0.60,0.65,0.59,0.65,28134,17078
24.11.2015,0.59,0.64,0.59,0.64,550,330
23.11.2015,0.63,0.66,0.59,0.64,30048,18545
20.11.2015,0.66,0.68,0.65,0.68,3903,2565
19.11.2015,0.68,0.69,0.68,0.69,1855,1262
18.11.2015,0.66,0.69,0.66,0.69,3742,2526
17.11.2015,0.64,0.69,0.64,0.68,9626,6346
16.11.2015,0.67,0.69,0.65,0.69,34497,22782
13.11.2015,0.70,0.70,0.70,0.70,1,1
12.11.2015,0.69,0.72,0.68,0.71,17609,12240
10.11.2015,0.70,0.72,0.65,0.70,86954,58797
09.11.2015,0.72,0.75,0.70,0.72,37203,26682
06.11.2015,0.63,0.75,0.63,0.69,194916,139613
05.11.2015,0.67,0.69,0.64,0.66,40486,26713
04.11.2015,0.67,0.69,0.64,0.66,84531,55277
03.11.2015,0.69,0.71,0.65,0.67,67224,45742
02.11.2015,0.77,0.79,0.69,0.69,114884,82110
30.10.2015,0.79,0.84,0.73,0.77,142170,109965
29.10.2015,0.83,0.83,0.75,0.78,43639,34313
28.10.2015,0.74,0.87,0.68,0.81,283362,228859
27.10.2015,0.83,0.83,0.73,0.73,95035,72797
26.10.2015,0.83,0.87,0.79,0.83,158295,131207
23.10.2015,0.87,0.92,0.82,0.87,291000,258061
22.10.2015,0.92,1.00,0.83,0.85,461438,415654
21.10.2015,1.01,1.11,0.85,0.89,1514528,1496527
20.10.2015,0.73,0.88,0.73,0.88,208243,167438
19.10.2015,0.69,0.73,0.63,0.72,142555,94448
16.10.2015,0.70,0.75,0.66,0.68,166482,117759
15.10.2015,0.78,0.78,0.64,0.68,270097,191431
14.10.2015,0.63,0.79,0.59,0.79,448492,312507
13.10.2015,0.52,0.62,0.51,0.62,191112,109461
12.10.2015,0.50,0.57,0.50,0.52,128911,68039
09.10.2015,0.52,0.53,0.50,0.53,7357,3727
08.10.2015,0.51,0.53,0.50,0.52,30450,15513
07.10.2015,0.51,0.53,0.51,0.53,5457,2812
06.10.2015,0.51,0.53,0.50,0.53,9941,5150
05.10.2015,0.52,0.53,0.52,0.53,6100,3208
02.10.2015,0.50,0.54,0.48,0.51,63137,31596
01.10.2015,0.51,0.53,0.51,0.51,7610,3883
30.09.2015,0.50,0.54,0.50,0.53,2076,1101
29.09.2015,0.53,0.54,0.50,0.53,21441,11221
28.09.2015,0.56,0.56,0.51,0.54,11741,6106
25.09.2015,0.53,0.55,0.51,0.54,13984,7252
24.09.2015,0.57,0.57,0.53,0.56,17592,9632
23.09.2015,0.59,0.59,0.55,0.55,23519,13197
22.09.2015,0.61,0.61,0.57,0.59,18255,10693
21.09.2015,0.61,0.62,0.56,0.61,48293,28687
18.09.2015,0.59,0.68,0.54,0.61,115862,71833
17.09.2015,0.67,0.67,0.57,0.57,119116,70243
16.09.2015,0.64,0.72,0.59,0.66,142116,91111
15.09.2015,0.51,0.64,0.51,0.64,189768,107970
14.09.2015,0.50,0.51,0.50,0.51,31892,15979
11.09.2015,0.51,0.53,0.50,0.52,20192,10403
10.09.2015,0.52,0.53,0.50,0.50,43356,22172
09.09.2015,0.50,0.54,0.50,0.54,28865,14689
08.09.2015,0.50,0.54,0.50,0.52,7306,3745
04.09.2015,0.53,0.55,0.51,0.54,17743,9428
03.09.2015,0.53,0.55,0.52,0.52,5499,2870
02.09.2015,0.54,0.57,0.53,0.53,6729,3584
31.08.2015,0.57,0.58,0.52,0.57,9449,5241
28.08.2015,0.56,0.58,0.56,0.56,7500,4237
27.08.2015,0.52,0.57,0.50,0.57,10614,5712
26.08.2015,0.51,0.55,0.51,0.55,16245,8574
25.08.2015,0.50,0.55,0.50,0.53,13671,7295
24.08.2015,0.58,0.61,0.50,0.52,87469,47769
21.08.2015,0.58,0.61,0.58,0.61,13794,8002
20.08.2015,0.61,0.61,0.58,0.60,16843,10014
19.08.2015,0.64,0.64,0.60,0.62,1690,1034
18.08.2015,0.64,0.64,0.60,0.60,1120,677
17.08.2015,0.64,0.65,0.64,0.65,2695,1744
14.08.2015,0.62,0.62,0.62,0.62,931,577
13.08.2015,0.61,0.62,0.61,0.62,1500,928
12.08.2015,0.58,0.62,0.58,0.62,1636,967
11.08.2015,0.58,0.58,0.58,0.58,1739,1009
10.08.2015,0.62,0.62,0.58,0.58,10775,6502
07.08.2015,0.58,0.62,0.58,0.62,11544,6867
06.08.2015,0.60,0.60,0.57,0.58,8841,5163
05.08.2015,0.61,0.63,0.59,0.63,20807,12740
04.08.2015,0.63,0.63,0.61,0.61,10090,6219
03.08.2015,0.66,0.66,0.55,0.64,73858,42534
31.07.2015,0.65,0.65,0.65,0.65,7300,4745
30.07.2015,0.64,0.65,0.64,0.65,2288,1487
29.07.2015,0.64,0.64,0.64,0.64,32510,20806
28.07.2015,0.63,0.64,0.63,0.63,28922,18316
27.07.2015,0.69,0.69,0.65,0.65,1502,986
24.07.2015,0.66,0.66,0.63,0.66,9333,6130
23.07.2015,0.62,0.68,0.62,0.66,14275,9088
22.07.2015,0.67,0.67,0.63,0.63,19466,12668
21.07.2015,0.66,0.67,0.66,0.67,8186,5450
20.07.2015,0.69,0.71,0.66,0.69,8780,5990
17.07.2015,0.68,0.72,0.64,0.72,13664,9165
16.07.2015,0.71,0.73,0.71,0.72,7627,5446
15.07.2015,0.74,0.74,0.74,0.74,1080,799
14.07.2015,0.75,0.75,0.72,0.72,1060,780
13.07.2015,0.74,0.74,0.73,0.73,3000,2197
10.07.2015,0.75,0.75,0.71,0.75,16696,11880
09.07.2015,0.72,0.72,0.72,0.72,9075,6534
08.07.2015,0.71,0.75,0.71,0.75,14830,10567
07.07.2015,0.76,0.76,0.73,0.73,1084,796
06.07.2015,0.73,0.76,0.72,0.76,15929,11583
03.07.2015,0.73,0.74,0.73,0.74,2099,1538
02.07.2015,0.76,0.76,0.72,0.76,5583,4151
01.07.2015,0.77,0.77,0.73,0.75,9000,6760
30.06.2015,0.72,0.76,0.72,0.76,4404,3241
29.06.2015,0.73,0.78,0.70,0.72,49477,35611
26.06.2015,0.76,0.76,0.72,0.72,12303,8868
25.06.2015,0.77,0.77,0.73,0.73,4800,3538
24.06.2015,0.77,0.78,0.77,0.78,1000,770
22.06.2015,0.72,0.77,0.71,0.77,9576,6983
19.06.2015,0.74,0.76,0.73,0.73,25449,18863
18.06.2015,0.73,0.77,0.73,0.73,11391,8317
17.06.2015,0.78,0.78,0.73,0.78,720,532
16.06.2015,0.80,0.80,0.73,0.74,23496,17937
15.06.2015,0.81,0.81,0.77,0.78,3129,2465
12.06.2015,0.81,0.82,0.79,0.79,4805,3837
11.06.2015,0.80,0.80,0.78,0.79,18380,14555
10.06.2015,0.80,0.80,0.80,0.80,2744,2195
09.06.2015,0.74,0.80,0.74,0.80,19200,14873
08.06.2015,0.73,0.78,0.73,0.77,6489,4936
05.06.2015,0.75,0.78,0.73,0.78,1986,1492
03.06.2015,0.78,0.78,0.76,0.78,900,692
02.06.2015,0.76,0.76,0.76,0.76,2580,1961
01.06.2015,0.77,0.79,0.77,0.78,3269,2551
29.05.2015,0.77,0.79,0.76,0.79,6920,5292
28.05.2015,0.76,0.76,0.76,0.76,8602,6538
27.05.2015,0.76,0.81,0.75,0.78,41498,31875
26.05.2015,0.79,0.80,0.78,0.79,6507,5108
25.05.2015,0.79,0.79,0.79,0.79,700,553
22.05.2015,0.78,0.80,0.78,0.80,4598,3638
21.05.2015,0.80,0.82,0.77,0.78,22095,17420
20.05.2015,0.80,0.83,0.77,0.81,24172,19165
19.05.2015,0.84,0.86,0.78,0.81,120069,98008
18.05.2015,0.74,0.95,0.74,0.84,348755,299175
15.05.2015,0.72,0.75,0.71,0.75,7451,5332
14.05.2015,0.74,0.75,0.72,0.75,6283,4626
13.05.2015,0.74,0.74,0.72,0.74,9127,6651
12.05.2015,0.74,0.75,0.71,0.75,12605,9146
11.05.2015,0.76,0.76,0.73,0.74,7963,5859
08.05.2015,0.74,0.76,0.73,0.76,6630,4967
07.05.2015,0.77,0.77,0.73,0.73,16698,12434
06.05.2015,0.76,0.77,0.74,0.77,8962,6807
05.05.2015,0.77,0.78,0.75,0.75,11711,8965
04.05.2015,0.75,0.77,0.75,0.77,2551,1913
30.04.2015,0.75,0.77,0.72,0.76,13318,9957
29.04.2015,0.75,0.77,0.75,0.77,3425,2572
28.04.2015,0.74,0.75,0.74,0.75,8448,6265
27.04.2015,0.76,0.78,0.75,0.78,10450,7927
24.04.2015,0.75,0.79,0.75,0.79,17440,13319
23.04.2015,0.77,0.79,0.75,0.78,14547,11153
22.04.2015,0.78,0.80,0.78,0.80,7100,5558
21.04.2015,0.78,0.80,0.77,0.80,3159,2447
20.04.2015,0.78,0.78,0.77,0.77,1050,809
17.04.2015,0.80,0.80,0.78,0.78,19371,15262
16.04.2015,0.81,0.81,0.78,0.81,20138,15896
15.04.2015,0.78,0.81,0.78,0.81,16295,13011
14.04.2015,0.80,0.80,0.77,0.80,28567,22288
13.04.2015,0.78,0.82,0.77,0.80,24856,19360
10.04.2015,0.79,0.80,0.78,0.80,15265,11977
09.04.2015,0.82,0.82,0.80,0.80,7250,5825
08.04.2015,0.79,0.83,0.77,0.80,34898,27881
07.04.2015,0.81,0.82,0.76,0.78,63560,49997
02.04.2015,0.83,0.84,0.80,0.83,17250,14032
01.04.2015,0.87,0.89,0.84,0.84,19904,16888
31.03.2015,0.87,0.91,0.86,0.87,28587,24975
30.03.2015,0.91,0.94,0.89,0.92,24266,22100
27.03.2015,0.88,0.96,0.86,0.92,159540,145861
26.03.2015,0.91,0.91,0.86,0.88,29689,25886
25.03.2015,0.89,0.94,0.88,0.88,65279,58638
24.03.2015,1.02,1.05,0.89,0.90,626518,612146
23.03.2015,0.80,0.99,0.80,0.99,316630,293675
20.03.2015,0.79,0.79,0.78,0.79,8846,6971
19.03.2015,0.76,0.79,0.74,0.79,21500,16405
18.03.2015,0.79,0.79,0.76,0.79,9250,7163
17.03.2015,0.78,0.79,0.75,0.78,33709,25886
16.03.2015,0.78,0.79,0.77,0.79,9809,7643
13.03.2015,0.81,0.81,0.78,0.79,27030,21281
12.03.2015,0.81,0.82,0.79,0.80,24876,19943
11.03.2015,0.78,0.82,0.77,0.81,68265,54108
10.03.2015,0.80,0.80,0.75,0.79,49218,38174
09.03.2015,0.80,0.82,0.80,0.82,6434,5151
06.03.2015,0.82,0.84,0.80,0.82,27406,22275
05.03.2015,0.83,0.83,0.77,0.82,105780,84822
04.03.2015,0.86,0.87,0.79,0.83,92109,77075
03.03.2015,0.88,0.90,0.87,0.89,17303,15211
02.03.2015,0.89,0.91,0.88,0.90,12956,11608
27.02.2015,0.90,0.90,0.88,0.90,7327,6535
26.02.2015,0.89,0.91,0.88,0.90,7953,7076
25.02.2015,0.90,0.91,0.88,0.91,31286,27713
24.02.2015,0.88,0.90,0.88,0.90,27421,24189
23.02.2015,0.91,0.92,0.88,0.90,12428,11088
20.02.2015,0.92,0.92,0.89,0.91,38208,34383
19.02.2015,0.91,0.91,0.90,0.91,5949,5392
18.02.2015,0.92,0.92,0.90,0.91,9642,8690
17.02.2015,0.90,0.91,0.90,0.91,49571,44681
16.02.2015,0.91,0.92,0.90,0.91,24622,22426
13.02.2015,0.92,0.92,0.90,0.92,17688,16225
12.02.2015,0.91,0.93,0.90,0.92,26804,24445
11.02.2015,0.92,0.92,0.90,0.92,49090,44782
10.02.2015,0.93,0.94,0.91,0.93,27223,25195
09.02.2015,0.92,0.94,0.91,0.94,2954,2707
06.02.2015,0.95,0.95,0.91,0.95,29046,26852
05.02.2015,0.96,0.96,0.93,0.93,10444,9842
04.02.2015,0.95,0.97,0.95,0.97,950,912
03.02.2015,0.95,0.99,0.93,0.98,48419,46733
02.02.2015,0.94,0.95,0.93,0.95,10958,10215
30.01.2015,0.95,0.95,0.93,0.93,12516,11677
29.01.2015,0.97,0.97,0.93,0.95,26692,24931
28.01.2015,0.94,0.97,0.92,0.97,15045,14196
27.01.2015,0.93,0.96,0.92,0.94,43973,40603
26.01.2015,0.99,0.99,0.92,0.96,91704,86699
23.01.2015,1.00,1.00,0.97,0.98,19735,19309
22.01.2015,0.98,1.02,0.98,0.98,23255,22978
21.01.2015,0.94,1.02,0.92,0.99,93994,92505
20.01.2015,0.96,0.97,0.91,0.95,45911,42922
19.01.2015,0.97,0.99,0.94,0.94,38656,37001
16.01.2015,0.99,0.99,0.96,0.98,46725,45409
15.01.2015,1.01,1.02,0.97,0.99,87997,86435
14.01.2015,1.00,1.03,0.98,1.02,54253,54382
13.01.2015,1.03,1.04,0.98,1.01,116898,117302
12.01.2015,1.05,1.13,1.00,1.01,602096,633401
09.01.2015,0.92,1.08,0.92,1.05,652886,657938
08.01.2015,0.92,0.95,0.91,0.92,24663,22912
07.01.2015,0.91,0.95,0.90,0.93,69283,63714
05.01.2015,0.90,0.96,0.90,0.93,15388,14114
02.01.2015,0.90,0.96,0.89,0.93,40221,37205
30.12.2014,0.87,0.95,0.87,0.89,132823,121349
29.12.2014,0.87,0.90,0.87,0.89,12412,10978
23.12.2014,0.91,0.91,0.85,0.89,217359,191294
22.12.2014,0.99,1.02,0.88,0.88,181025,168830
19.12.2014,1.00,1.02,0.98,1.00,200297,199910
18.12.2014,1.05,1.07,1.03,1.03,93858,97533
17.12.2014,1.06,1.09,1.02,1.05,231020,246310
16.12.2014,1.00,1.10,0.99,1.05,349653,363427
15.12.2014,1.22,1.29,1.00,1.01,348389,387875
28.11.2014,0.31,0.35,0.30,0.31,1776127,579637
27.11.2014,0.34,0.34,0.31,0.31,803773,261931
26.11.2014,0.37,0.37,0.34,0.34,1194579,425437
25.11.2014,0.39,0.39,0.36,0.38,1235830,471322
24.11.2014,0.40,0.40,0.38,0.38,304133,118598
21.11.2014,0.40,0.41,0.39,0.40,382978,151519
20.11.2014,0.39,0.41,0.38,0.40,1194764,476517
19.11.2014,0.40,0.41,0.39,0.39,684977,272304
18.11.2014,0.42,0.42,0.40,0.40,181358,73503
17.11.2014,0.42,0.42,0.40,0.41,526195,216642
14.11.2014,0.42,0.44,0.41,0.42,697927,294997
13.11.2014,0.43,0.44,0.42,0.42,299020,127110
12.11.2014,0.42,0.44,0.41,0.43,1183027,495212
10.11.2014,0.43,0.44,0.41,0.41,515158,218909
07.11.2014,0.42,0.44,0.41,0.43,868155,371871
06.11.2014,0.42,0.43,0.41,0.41,291023,122240
05.11.2014,0.42,0.43,0.41,0.41,195971,81151
04.11.2014,0.44,0.45,0.41,0.42,1051703,450464
03.11.2014,0.42,0.44,0.41,0.44,676158,288397
31.10.2014,0.41,0.43,0.41,0.41,529084,222971
30.10.2014,0.43,0.43,0.41,0.42,371662,156059
29.10.2014,0.45,0.45,0.43,0.43,827053,362894
28.10.2014,0.43,0.46,0.43,0.45,859027,384992
27.10.2014,0.45,0.46,0.43,0.44,789768,348801
24.10.2014,0.47,0.49,0.43,0.45,2459130,1129445
23.10.2014,0.39,0.49,0.39,0.47,4483583,2001621
22.10.2014,0.40,0.41,0.39,0.40,304665,121487
21.10.2014,0.40,0.42,0.39,0.40,747575,299571
20.10.2014,0.41,0.42,0.38,0.41,857273,343877
17.10.2014,0.41,0.42,0.40,0.40,974882,394736
16.10.2014,0.42,0.43,0.41,0.41,651876,271925
15.10.2014,0.43,0.45,0.42,0.42,1312170,570915
14.10.2014,0.43,0.45,0.41,0.45,1663712,715789
13.10.2014,0.40,0.44,0.39,0.43,3830544,1607967
10.10.2014,0.43,0.44,0.40,0.40,1249697,519521
09.10.2014,0.46,0.48,0.43,0.43,1610278,724953
08.10.2014,0.46,0.47,0.45,0.45,786631,361043
07.10.2014,0.48,0.52,0.47,0.47,2320363,1132213
06.10.2014,0.45,0.50,0.45,0.49,2112114,1004782
03.10.2014,0.49,0.52,0.45,0.46,4593940,2214131
02.10.2014,0.43,0.51,0.41,0.48,7012821,3323272
01.10.2014,0.52,0.55,0.44,0.44,8460707,4086707
30.09.2014,0.65,0.67,0.54,0.54,13698785,7864079
29.09.2014,0.63,0.66,0.58,0.64,3468563,2181013
26.09.2014,0.58,0.65,0.55,0.61,6046497,3689891
25.09.2014,0.56,0.63,0.54,0.60,5975668,3542253
24.09.2014,0.62,0.64,0.47,0.54,18168216,9799702
23.09.2014,0.76,0.77,0.63,0.64,14814943,9913751
22.09.2014,0.82,0.82,0.75,0.76,9510701,7308053
19.09.2014,0.88,0.89,0.80,0.81,7992816,6611747
18.09.2014,0.95,0.96,0.86,0.86,11598804,10342464
17.09.2014,0.94,1.00,0.89,1.00,4831310,4600515
16.09.2014,1.02,1.08,0.93,0.93,9581514,9158953
15.09.2014,0.99,1.02,0.90,1.00,8379536,7975165
12.09.2014,1.06,1.09,0.96,0.96,10797678,10792092
11.09.2014,0.98,1.16,0.93,1.02,8629563,9066706
10.09.2014,0.79,1.03,0.74,0.95,6078078,5314491
09.09.2014,0.99,1.00,0.81,0.81,12963795,11182695
08.09.2014,1.02,1.05,0.92,0.92,6860181,6477638
05.09.2014,1.13,1.17,1.02,1.03,9789221,10403326
04.09.2014,1.23,1.32,1.11,1.11,10524803,12122577
03.09.2014,1.28,1.32,1.16,1.16,8514145,10214598
02.09.2014,1.40,1.41,1.26,1.27,4112447,5313458
01.09.2014,1.40,1.49,1.26,1.31,4375380,5845449
29.08.2014,1.19,1.34,1.18,1.33,2220868,2826036
28.08.2014,0.92,1.18,0.91,1.15,2227570,2336968
27.08.2014,0.87,0.98,0.83,0.94,3100891,2777435
26.08.2014,1.00,1.10,0.81,0.84,11182396,10213911
25.08.2014,1.11,1.18,1.00,1.00,8301730,8644329
22.08.2014,1.21,1.24,1.09,1.10,6862350,7712640
21.08.2014,1.32,1.32,1.19,1.20,5982762,7284766
20.08.2014,1.49,1.50,1.22,1.24,10076648,12932058
19.08.2014,1.84,1.95,1.35,1.36,7570495,11051454
18.08.2014,1.28,1.69,1.21,1.69,3332762,4917805
14.08.2014,1.45,1.45,1.31,1.31,2875692,3834384
13.08.2014,1.83,1.84,1.49,1.58,8548583,13196891
12.08.2014,1.99,2.00,1.62,1.79,7816337,13759162
11.08.2014,2.38,2.38,1.94,1.94,5872017,11957110
08.08.2014,2.24,2.30,2.02,2.02,5006674,10271263
07.08.2014,1.86,2.14,1.84,2.10,2462428,4781863
06.08.2014,2.22,2.25,1.80,1.81,8109397,15485653
05.08.2014,2.33,2.43,2.10,2.10,4449007,9543679
04.08.2014,2.33,2.62,2.31,2.49,3320955,7901645
01.08.2014,2.44,2.58,2.20,2.33,2370911,5382342
31.07.2014,2.35,3.11,2.33,2.63,1833949,4855912
30.07.2014,2.58,2.60,2.33,2.36,775651,1834674
29.07.2014,2.77,2.80,2.50,2.62,983406,2496492
28.07.2014,2.91,2.95,2.62,2.81,614388,1662529
25.07.2014,3.00,3.14,2.70,2.70,602047,1677327
24.07.2014,2.77,2.94,2.50,2.75,874071,2316697
23.07.2014,3.40,3.49,3.00,3.00,290180,920913
22.07.2014,2.98,3.27,2.76,3.27,487548,1472066
21.07.2014,2.25,2.71,2.06,2.71,638473,1576890
18.07.2014,2.66,3.10,2.37,2.37,585802,1548038
17.07.2014,3.60,3.69,2.92,2.92,864080,2630080
16.07.2014,3.40,3.74,3.06,3.40,579303,1939943
15.07.2014,13.98,15.37,12.60,15.37,80896,1105006
14.07.2014,11.01,12.90,10.80,12.90,34053,413320
11.07.2014,10.99,11.00,10.01,10.80,8222,85590
10.07.2014,10.20,11.30,9.81,10.79,19227,205515
09.07.2014,11.68,11.99,9.90,10.50,27355,298325
08.07.2014,9.45,11.68,8.71,11.68,39899,423634
07.07.2014,10.50,11.55,9.45,9.45,31174,326029
04.07.2014,7.93,10.45,7.93,10.25,20102,190336
03.07.2014,9.30,9.35,7.00,7.76,17552,138864
02.07.2014,10.99,11.50,8.88,8.88,33723,340231
01.07.2014,8.00,9.85,8.00,9.66,30718,289664
30.06.2014,7.85,7.85,7.30,7.30,7752,60360
27.06.2014,6.90,7.01,6.90,7.01,3967,27609
26.06.2014,7.00,7.00,7.00,7.00,2341,16387
25.06.2014,6.60,6.72,6.60,6.72,5126,33874
24.06.2014,7.70,7.70,7.65,7.65,741,5691
23.06.2014,7.66,7.88,7.66,7.88,7902,61489
20.06.2014,7.47,7.47,7.30,7.30,1785,13190
18.06.2014,7.40,7.40,7.40,7.40,3549,26263
17.06.2014,6.10,6.97,6.10,6.97,23013,148111
16.06.2014,5.69,5.90,5.69,5.90,14839,86956
13.06.2014,5.49,5.50,5.49,5.50,13556,74441
12.06.2014,5.50,5.70,5.50,5.70,39080,216307
11.06.2014,5.29,5.29,5.29,5.29,8463,44769
10.06.2014,5.10,5.10,5.10,5.10,6159,31411
09.06.2014,5.00,5.00,5.00,5.00,4115,20575
06.06.2014,5.00,5.00,5.00,5.00,2025,10125
05.06.2014,4.67,4.67,4.67,4.67,1713,8000
04.06.2014,4.65,4.68,4.65,4.68,3833,17882
03.06.2014,5.19,5.19,5.00,5.00,1934,9932
02.06.2014,5.00,5.19,5.00,5.19,1153,5889
30.05.2014,5.00,5.00,5.00,5.00,1129,5645
29.05.2014,5.00,5.33,5.00,5.33,732,3723
28.05.2014,5.41,5.41,5.39,5.39,805,4345
27.05.2014,5.00,5.43,5.00,5.43,1499,7593
26.05.2014,5.02,5.02,4.60,4.60,12584,59183
23.05.2014,5.80,5.80,5.48,5.48,7538,43321
22.05.2014,5.03,5.48,5.03,5.48,9065,48495
21.05.2014,5.80,5.80,4.98,4.98,12193,64997
20.05.2014,5.00,5.50,5.00,5.50,19502,100289
19.05.2014,4.20,4.44,4.20,4.44,40345,172418
15.05.2014,3.50,3.50,3.50,3.50,28016,98056
14.05.2014,3.45,3.45,3.11,3.11,2989,9415
13.05.2014,3.59,3.59,3.59,3.59,1843,6616
12.05.2014,3.22,3.59,3.22,3.59,13631,45807
09.05.2014,4.02,4.02,3.64,3.64,22220,83852
08.05.2014,4.50,4.50,4.46,4.46,16994,76446
07.05.2014,5.50,5.50,5.50,5.50,74563,410097
30.04.2014,1.50,1.50,1.50,1.50,9,14
29.04.2014,1.50,1.50,1.50,1.50,5,8
28.04.2014,1.50,1.50,1.50,1.50,5,8
25.04.2014,1.50,1.50,1.50,1.50,5,8
24.04.2014,1.50,1.50,1.50,1.50,5,8
23.04.2014,1.50,1.50,1.50,1.50,306,459
22.04.2014,1.50,1.50,1.50,1.50,196,294
17.04.2014,1.50,1.50,1.50,1.50,5,8
16.04.2014,1.50,1.50,1.50,1.50,5,8
15.04.2014,1.52,1.52,1.52,1.52,5,8
14.04.2014,1.50,1.50,1.50,1.50,10,15
10.04.2014,1.51,1.51,1.51,1.51,762,1151
07.04.2014,1.59,1.59,1.51,1.51,36100,57391
01.04.2014,1.50,1.50,1.50,1.50,238,357
31.03.2014,1.50,1.50,1.50,1.50,1,2
21.03.2014,1.55,1.55,1.55,1.55,797,1235
14.03.2014,1.55,1.55,1.55,1.55,500,775
10.03.2014,1.51,1.51,1.51,1.51,4,6
06.03.2014,1.55,1.55,1.55,1.55,160,248
04.03.2014,1.45,1.60,1.45,1.60,1512,2291
03.03.2014,1.65,1.65,1.63,1.63,1400,2282
28.02.2014,1.65,1.65,1.65,1.65,332,548
27.02.2014,1.55,1.55,1.55,1.55,27,42
25.02.2014,1.55,1.55,1.55,1.55,254,394
24.02.2014,1.55,1.55,1.55,1.55,63,98
19.02.2014,1.62,1.62,1.55,1.55,1845,2866
17.02.2014,1.52,1.52,1.52,1.52,579,880
14.02.2014,1.51,1.51,1.51,1.51,63,95
13.02.2014,1.54,1.55,1.54,1.55,2997,4634
10.02.2014,1.63,1.63,1.63,1.63,38,62
06.02.2014,1.63,1.63,1.63,1.63,900,1467
03.02.2014,1.66,1.66,1.66,1.66,102,169
27.01.2014,1.75,1.75,1.75,1.75,100,175
24.01.2014,1.75,1.75,1.75,1.75,200,350
23.01.2014,1.75,1.75,1.75,1.75,700,1225
22.01.2014,1.75,1.75,1.75,1.75,100,175
21.01.2014,1.74,1.74,1.74,1.74,100,174
20.01.2014,1.74,1.74,1.74,1.74,200,348
17.01.2014,1.74,1.74,1.74,1.74,100,174
16.01.2014,1.74,1.74,1.74,1.74,100,174
15.01.2014,1.75,1.75,1.75,1.75,100,175
14.01.2014,1.75,1.75,1.75,1.75,456,798
13.01.2014,1.73,1.73,1.73,1.73,100,173
10.01.2014,1.75,1.75,1.50,1.50,5001,7527
09.01.2014,1.75,1.75,1.75,1.75,100,175
08.01.2014,1.73,1.73,1.70,1.70,200,343
07.01.2014,1.49,1.49,1.49,1.49,1726,2572
03.01.2014,1.74,1.74,1.74,1.74,100,174
02.01.2014,1.75,1.75,1.75,1.75,100,175
30.12.2013,1.75,1.75,1.75,1.75,200,350
27.12.2013,1.75,1.75,1.58,1.58,202,353
23.12.2013,1.74,1.74,1.74,1.74,500,870
20.12.2013,1.63,1.74,1.63,1.74,966,1597
19.12.2013,1.64,1.64,1.64,1.64,750,1230
18.12.2013,1.65,1.65,1.65,1.65,120,198
16.12.2013,1.65,1.65,1.65,1.65,300,495
13.12.2013,1.50,1.50,1.50,1.50,3290,4935
12.12.2013,1.48,1.48,1.48,1.48,1305,1931
11.12.2013,1.59,1.59,1.51,1.51,260,397
10.12.2013,1.70,1.70,1.70,1.70,3390,5763
09.12.2013,1.58,1.70,1.58,1.70,2139,3416
06.12.2013,1.49,1.49,1.49,1.49,955,1423
05.12.2013,1.49,1.49,1.49,1.49,1801,2683
04.12.2013,1.49,1.49,1.49,1.49,100,149
03.12.2013,1.47,1.47,1.47,1.47,38,56
02.12.2013,1.47,1.47,1.47,1.47,1037,1524
29.11.2013,1.47,1.47,1.47,1.47,9309,13684
28.11.2013,1.47,1.47,1.47,1.47,91,134
27.11.2013,1.47,1.47,1.47,1.47,70,103
26.11.2013,1.50,1.50,1.48,1.48,488,732
25.11.2013,1.48,1.53,1.48,1.53,4100,6098
21.11.2013,1.38,1.38,1.38,1.38,25,35
19.11.2013,1.46,1.46,1.46,1.46,100,146
14.11.2013,1.46,1.46,1.46,1.46,500,730
07.11.2013,1.41,1.41,1.41,1.41,500,705
06.11.2013,1.40,1.40,1.35,1.35,133,186
05.11.2013,1.38,1.38,1.38,1.38,215,297
04.11.2013,1.40,1.40,1.40,1.40,165,231
30.10.2013,1.38,1.38,1.38,1.38,139,192
29.10.2013,1.39,1.39,1.39,1.39,227,316
28.10.2013,1.39,1.39,1.39,1.39,165,229
23.10.2013,1.33,1.33,1.33,1.33,250,333
21.10.2013,1.50,1.60,1.50,1.60,1203,1915
18.10.2013,1.38,1.38,1.38,1.38,436,602
17.10.2013,1.35,1.35,1.35,1.35,4550,6143
16.10.2013,1.35,1.35,1.35,1.35,1000,1350
15.10.2013,1.35,1.35,1.35,1.35,313,423
14.10.2013,1.31,1.31,1.31,1.31,123,161
11.10.2013,1.51,1.51,1.51,1.51,111,168
10.10.2013,1.51,1.51,1.51,1.51,25,38
25.09.2013,1.59,1.59,1.59,1.59,1,2
23.09.2013,1.74,1.74,1.74,1.74,190,331
20.09.2013,1.60,1.70,1.60,1.70,166,269
19.09.2013,1.42,1.42,1.42,1.42,20,28
12.09.2013,1.41,1.41,1.41,1.41,13,18
09.09.2013,1.60,1.60,1.42,1.42,353,535
06.09.2013,1.50,1.50,1.50,1.50,11,17
30.08.2013,1.40,1.40,1.40,1.40,6,8
28.08.2013,1.40,1.40,1.40,1.40,10,14
23.08.2013,1.41,1.41,1.41,1.41,47,66
19.08.2013,1.40,1.40,1.40,1.40,67,94
09.08.2013,1.50,1.50,1.50,1.50,600,900
08.08.2013,1.48,1.48,1.48,1.48,5417,8017
07.08.2013,1.48,1.48,1.48,1.48,138,204
06.08.2013,1.50,1.50,1.50,1.50,12,18
05.08.2013,1.60,1.60,1.60,1.60,60,96
31.07.2013,1.50,1.50,1.50,1.50,199,299
30.07.2013,1.50,1.50,1.50,1.50,32,48
25.07.2013,1.58,1.58,1.58,1.58,650,1027
22.07.2013,1.55,1.55,1.55,1.55,22,34
19.07.2013,1.50,1.50,1.50,1.50,240,360
18.07.2013,1.50,1.50,1.50,1.50,20,30
15.07.2013,1.55,1.55,1.55,1.55,1,2
11.07.2013,1.50,1.50,1.50,1.50,5079,7619
10.07.2013,1.59,1.59,1.59,1.59,12,19
08.07.2013,1.76,1.76,1.76,1.76,10,18
05.07.2013,1.64,1.76,1.64,1.76,231,381
04.07.2013,1.63,1.63,1.63,1.63,12,20
03.07.2013,1.64,1.64,1.64,1.64,97,159
28.06.2013,1.50,1.50,1.50,1.50,225,338
21.06.2013,1.50,1.50,1.50,1.50,109,164
20.06.2013,1.65,1.65,1.65,1.65,499,823
19.06.2013,1.51,1.51,1.51,1.51,4,6
10.06.2013,1.50,1.59,1.50,1.59,92,145
06.06.2013,1.50,1.50,1.50,1.50,439,659
05.06.2013,1.53,1.53,1.53,1.53,500,765
03.06.2013,1.50,1.50,1.50,1.50,4,6
31.05.2013,1.50,1.50,1.50,1.50,319,479
29.05.2013,1.51,1.51,1.51,1.51,125,189
28.05.2013,1.56,1.56,1.56,1.56,30,47
23.05.2013,1.56,1.56,1.56,1.56,5289,8251
22.05.2013,1.60,1.60,1.56,1.56,96,150
20.05.2013,1.56,1.56,1.56,1.56,470,733
17.05.2013,1.55,1.55,1.55,1.55,10,16
16.05.2013,1.70,1.70,1.70,1.70,200,340
15.05.2013,1.52,1.52,1.52,1.52,300,456
10.05.2013,1.76,1.76,1.76,1.76,250,440
08.05.2013,1.76,1.76,1.76,1.76,250,440
07.05.2013,1.60,1.60,1.60,1.60,777,1243
06.05.2013,1.60,1.60,1.60,1.60,100,160
02.05.2013,1.50,1.50,1.50,1.50,925,1388
30.04.2013,1.50,1.50,1.50,1.50,12,18
26.04.2013,1.60,1.60,1.60,1.60,100,160
25.04.2013,1.51,1.51,1.51,1.51,13,20
24.04.2013,1.50,1.50,1.50,1.50,100,150
23.04.2013,1.50,1.50,1.50,1.50,725,1088
18.04.2013,1.50,1.50,1.50,1.50,1,2
12.04.2013,1.50,1.50,1.50,1.50,308,462
09.04.2013,1.50,1.50,1.50,1.50,74,111
28.03.2013,1.76,1.76,1.76,1.76,300,528
26.03.2013,1.76,1.76,1.76,1.76,350,616
25.03.2013,1.69,1.69,1.69,1.69,350,592
19.03.2013,1.51,1.51,1.51,1.51,533,805
18.03.2013,1.59,1.59,1.59,1.59,400,636
13.03.2013,1.59,1.59,1.59,1.59,450,716
12.03.2013,1.50,1.50,1.50,1.50,70,105
11.03.2013,1.55,1.55,1.55,1.55,550,853
08.03.2013,1.50,1.50,1.50,1.50,2464,3696
07.03.2013,1.50,1.50,1.50,1.50,500,750
06.03.2013,1.50,1.50,1.50,1.50,100,150
05.03.2013,1.50,1.50,1.50,1.50,5201,7802
04.03.2013,1.50,1.50,1.50,1.50,1039,1559
28.02.2013,1.55,1.55,1.55,1.55,500,775
27.02.2013,1.51,1.55,1.51,1.55,216,334
26.02.2013,1.50,1.50,1.50,1.50,82,123
25.02.2013,1.61,1.65,1.61,1.65,1529,2479
21.02.2013,1.51,1.51,1.51,1.51,4,6
18.02.2013,1.75,1.75,1.75,1.75,1224,2142
15.02.2013,1.75,1.75,1.75,1.75,500,875
13.02.2013,1.75,1.75,1.75,1.75,500,875
11.02.2013,1.75,1.75,1.75,1.75,200,350
08.02.2013,1.51,1.51,1.51,1.51,8,12
05.02.2013,1.65,1.65,1.65,1.65,6,10
30.01.2013,1.65,1.65,1.65,1.65,3000,4950
29.01.2013,1.66,1.66,1.66,1.66,700,1162
28.01.2013,1.68,1.68,1.68,1.68,1534,2577
24.01.2013,1.66,1.66,1.66,1.66,3,5
18.01.2013,1.60,1.60,1.60,1.60,164,262
16.01.2013,2.18,2.18,2.18,2.18,260,567
15.01.2013,2.16,2.16,2.16,2.16,820,1771
11.01.2013,2.18,2.18,2.18,2.18,250,545
10.01.2013,2.05,2.05,2.05,2.05,115,236
09.01.2013,2.05,2.05,2.04,2.04,800,1635
08.01.2013,1.90,1.99,1.90,1.99,3350,6577
07.01.2013,1.85,1.85,1.85,1.85,1500,2775
04.01.2013,1.76,1.76,1.76,1.76,50,88
03.01.2013,1.76,1.76,1.76,1.76,1005,1769
02.01.2013,1.69,1.69,1.69,1.69,19,32
28.12.2012,1.67,1.69,1.67,1.69,646,1090
27.12.2012,1.50,1.55,1.50,1.55,128,197
21.12.2012,1.54,1.55,1.51,1.55,5724,8804
20.12.2012,1.54,1.55,1.54,1.55,479,738
19.12.2012,1.58,1.60,1.55,1.55,1771,2777
18.12.2012,1.61,1.61,1.61,1.61,478,770
17.12.2012,1.70,1.70,1.61,1.62,548,915
14.12.2012,1.66,1.66,1.66,1.66,1000,1660
13.12.2012,1.67,1.67,1.67,1.67,824,1376
12.12.2012,1.71,1.73,1.67,1.67,856,1466
11.12.2012,1.70,1.70,1.66,1.66,373,631
10.12.2012,1.68,1.72,1.68,1.72,3560,5988
07.12.2012,1.70,1.71,1.68,1.68,5034,8580
06.12.2012,1.70,1.70,1.67,1.67,3058,5119
05.12.2012,1.72,1.73,1.72,1.73,10000,17260
04.12.2012,1.65,1.68,1.65,1.68,670,1111
30.11.2012,1.64,1.77,1.64,1.77,2298,3872
29.11.2012,1.76,1.76,1.76,1.76,103,181
28.11.2012,1.77,1.77,1.77,1.77,3147,5570
27.11.2012,1.80,1.80,1.80,1.80,2,4
26.11.2012,1.79,1.85,1.79,1.79,185,337
23.11.2012,1.83,1.84,1.83,1.84,5747,10554
22.11.2012,2.00,2.00,1.77,1.83,8853,16640
21.11.2012,2.00,2.03,2.00,2.03,318,645
20.11.2012,2.16,2.16,2.03,2.03,9182,19214
19.11.2012,2.16,2.16,2.16,2.16,17,37
16.11.2012,2.20,2.20,2.18,2.18,81,178
14.11.2012,2.27,2.27,2.27,2.27,100,227
13.11.2012,2.23,2.27,2.23,2.27,120,272
12.11.2012,2.22,2.22,2.21,2.21,1000,2210
08.11.2012,2.23,2.23,2.23,2.23,66,147
07.11.2012,2.22,2.22,2.22,2.22,32,71
06.11.2012,2.23,2.23,2.22,2.22,1022,2273
30.10.2012,2.23,2.23,2.23,2.23,215,479
29.10.2012,2.23,2.23,2.23,2.23,39,87
26.10.2012,2.26,2.26,2.26,2.26,100,226
24.10.2012,2.29,2.29,2.29,2.29,50,115
23.10.2012,2.31,2.31,2.30,2.30,692,1597
19.10.2012,2.38,2.38,2.31,2.31,4461,10535
18.10.2012,2.40,2.40,2.40,2.40,178,427
17.10.2012,2.38,2.38,2.38,2.38,411,978
12.10.2012,2.40,2.40,2.39,2.39,2394,5725
09.10.2012,2.40,2.40,2.40,2.40,270,648
08.10.2012,2.40,2.40,2.40,2.40,48,115
05.10.2012,2.46,2.46,2.45,2.45,3576,8766
03.10.2012,2.46,2.55,2.46,2.55,198,505
02.10.2012,2.55,2.55,2.46,2.46,4529,11547
01.10.2012,2.51,2.51,2.51,2.51,1350,3389
28.09.2012,2.50,2.51,2.50,2.51,3674,9215
27.09.2012,2.41,2.47,2.41,2.47,3102,7602
26.09.2012,2.35,2.41,2.35,2.40,14881,35718
25.09.2012,2.22,2.35,2.22,2.35,10646,24485
21.09.2012,2.19,2.20,2.19,2.20,1093,2402
07.09.2012,2.22,2.22,2.22,2.22,5000,11100
05.09.2012,2.13,2.22,2.13,2.22,177,379
31.08.2012,2.22,2.22,2.22,2.22,10,22
30.08.2012,2.16,2.16,2.13,2.13,450,971
24.08.2012,2.16,2.21,2.10,2.21,10632,23087
21.08.2012,2.16,2.16,2.16,2.16,82,177
20.08.2012,2.16,2.22,2.16,2.22,47,102
14.08.2012,2.20,2.20,2.20,2.20,686,1509
13.08.2012,2.19,2.19,2.19,2.19,95,208
10.08.2012,2.20,2.22,2.20,2.22,137,304
07.08.2012,2.22,2.22,2.22,2.22,400,888
06.08.2012,2.23,2.23,2.23,2.23,86,192
03.08.2012,2.23,2.23,2.23,2.23,220,491
02.08.2012,2.23,2.23,2.23,2.23,6,13
01.08.2012,2.24,2.24,2.24,2.24,618,1384
27.07.2012,2.30,2.30,2.30,2.30,199,458
25.07.2012,2.30,2.30,2.30,2.30,18,41
20.07.2012,2.34,2.34,2.33,2.33,1000,2331
19.07.2012,2.34,2.34,2.34,2.34,80,187
18.07.2012,2.34,2.34,2.34,2.34,16,37
17.07.2012,2.34,2.34,2.34,2.34,15,35
12.07.2012,2.35,2.35,2.35,2.35,39,92
11.07.2012,2.35,2.35,2.35,2.35,356,837
10.07.2012,2.35,2.35,2.35,2.35,658,1546
06.07.2012,2.33,2.33,2.33,2.33,1,2
03.07.2012,2.36,2.36,2.33,2.33,137,321
02.07.2012,2.37,2.37,2.36,2.36,964,2276
29.06.2012,2.37,2.37,2.37,2.37,26,62
28.06.2012,2.37,2.37,2.37,2.37,20,47
25.06.2012,2.37,2.37,2.36,2.36,500,1181
19.06.2012,2.37,2.37,2.37,2.37,22,52
15.06.2012,2.38,2.38,2.38,2.38,149,355
11.06.2012,2.38,2.38,2.38,2.38,200,476
06.06.2012,2.38,2.46,2.38,2.46,11,27
31.05.2012,2.46,2.46,2.46,2.46,10,25
29.05.2012,2.39,2.39,2.38,2.38,1235,2948
24.05.2012,2.47,2.48,2.47,2.48,10,25
23.05.2012,2.41,2.48,2.38,2.48,2006,4790
18.05.2012,2.39,2.39,2.39,2.39,6,14
17.05.2012,2.45,2.45,2.45,2.45,3880,9506
16.05.2012,2.52,2.52,2.50,2.50,1816,4570
15.05.2012,2.60,2.60,2.52,2.52,887,2242
14.05.2012,2.61,2.61,2.60,2.60,2213,5772
10.05.2012,2.65,2.74,2.65,2.65,667,1775
08.05.2012,2.68,2.68,2.68,2.68,500,1340
27.04.2012,2.70,2.70,2.70,2.70,506,1366
25.04.2012,2.71,2.71,2.71,2.71,184,499
24.04.2012,2.71,2.71,2.71,2.71,128,347
19.04.2012,2.80,2.80,2.75,2.75,2706,7467
17.04.2012,2.76,2.76,2.75,2.75,180,497
11.04.2012,2.77,2.86,2.76,2.86,302,837
28.03.2012,2.77,2.89,2.77,2.89,7,20
27.03.2012,2.88,2.89,2.88,2.89,1000,2889
26.03.2012,2.88,2.88,2.88,2.88,400,1152
23.03.2012,2.81,2.81,2.81,2.81,700,1967
21.03.2012,2.81,2.81,2.81,2.81,2,6
20.03.2012,2.81,2.91,2.81,2.91,38,108
19.03.2012,2.91,2.91,2.91,2.91,100,291
16.03.2012,2.91,2.91,2.81,2.81,101,294
15.03.2012,2.91,2.91,2.91,2.91,1600,4656
14.03.2012,2.84,2.84,2.84,2.84,100,284
09.03.2012,2.78,2.78,2.75,2.75,2847,7914
07.03.2012,2.81,2.81,2.81,2.81,113,318
29.02.2012,2.77,2.80,2.77,2.80,502,1394
28.02.2012,2.77,2.77,2.77,2.77,9,25
24.02.2012,2.77,2.77,2.77,2.77,700,1939
23.02.2012,2.77,2.77,2.77,2.77,370,1025
22.02.2012,2.78,2.78,2.77,2.77,190,528
21.02.2012,2.80,2.82,2.80,2.80,12050,33820
20.02.2012,2.78,2.80,2.78,2.80,1217,3391
17.02.2012,2.78,2.78,2.78,2.78,72,200
15.02.2012,2.66,2.66,2.66,2.66,228,606
13.02.2012,2.67,2.67,2.67,2.67,500,1335
09.02.2012,2.67,2.67,2.67,2.67,200,534
07.02.2012,2.66,2.66,2.66,2.66,24,64
06.02.2012,2.66,2.66,2.66,2.66,719,1913
03.02.2012,2.66,2.66,2.66,2.66,20,53
02.02.2012,2.66,2.66,2.66,2.66,120,319
31.01.2012,2.66,2.66,2.66,2.66,1,3
30.01.2012,2.66,2.66,2.66,2.66,500,1330
26.01.2012,2.66,2.66,2.66,2.66,14,37
25.01.2012,2.78,2.78,2.66,2.66,47,130
23.01.2012,2.60,2.71,2.60,2.71,9542,25694
20.01.2012,2.46,2.60,2.46,2.60,520,1349
19.01.2012,2.46,2.46,2.46,2.46,256,630
17.01.2012,2.56,2.56,2.56,2.56,256,655
12.01.2012,2.50,2.57,2.50,2.57,7421,18680
09.01.2012,2.42,2.42,2.42,2.42,16,39
03.01.2012,2.41,2.42,2.41,2.42,190,460
02.01.2012,2.41,2.41,2.41,2.41,2283,5502
30.12.2011,2.39,2.50,2.39,2.42,4614,11144
29.12.2011,2.39,2.39,2.39,2.39,1688,4034
28.12.2011,2.39,2.39,2.39,2.39,1531,3659
27.12.2011,2.39,2.49,2.39,2.39,1534,3748
23.12.2011,2.39,2.45,2.39,2.45,1894,4529
22.12.2011,2.39,2.39,2.39,2.39,157,375
21.12.2011,2.39,2.39,2.39,2.39,329,786
20.12.2011,2.39,2.39,2.39,2.39,914,2184
19.12.2011,2.39,2.39,2.39,2.39,131,313
16.12.2011,2.35,2.43,2.35,2.39,9973,24125
15.12.2011,2.35,2.38,2.35,2.38,7650,18117
13.12.2011,2.28,2.28,2.28,2.28,2271,5178
12.12.2011,2.28,2.28,2.28,2.28,8,18
09.12.2011,2.31,2.31,2.31,2.31,1000,2310
07.12.2011,2.28,2.28,2.28,2.28,950,2166
06.12.2011,2.31,2.33,2.31,2.33,9482,22016
05.12.2011,2.20,2.31,2.20,2.31,9699,22153
01.12.2011,2.20,2.20,2.20,2.20,205,451
30.11.2011,2.20,2.21,2.20,2.21,2498,5502
29.11.2011,2.22,2.22,2.20,2.20,2180,4815
28.11.2011,2.22,2.22,2.22,2.22,19,42
24.11.2011,2.22,2.30,2.22,2.22,155,344
22.11.2011,2.22,2.22,2.22,2.22,2,4
21.11.2011,2.23,2.23,2.22,2.22,652,1452
18.11.2011,2.33,2.33,2.26,2.26,2419,5493
17.11.2011,2.28,2.28,2.28,2.28,3333,7599
16.11.2011,2.35,2.35,2.30,2.30,13692,31817
15.11.2011,2.38,2.38,2.35,2.35,1629,3830
14.11.2011,2.35,2.35,2.35,2.35,1,2
10.11.2011,2.35,2.35,2.35,2.35,6,14
09.11.2011,2.40,2.43,2.40,2.43,5500,13296
08.11.2011,2.33,2.33,2.33,2.33,3638,8477
07.11.2011,2.33,2.33,2.33,2.33,2500,5825
03.11.2011,2.33,2.33,2.33,2.33,2,5
02.11.2011,2.34,2.34,2.34,2.34,1551,3629
27.10.2011,2.42,2.42,2.42,2.42,14,34
26.10.2011,2.33,2.33,2.33,2.33,960,2237
25.10.2011,2.42,2.42,2.40,2.40,2300,5560
24.10.2011,2.42,2.42,2.42,2.42,2,5
21.10.2011,2.42,2.42,2.42,2.42,7149,17301
19.10.2011,2.42,2.42,2.42,2.42,510,1234
13.10.2011,2.42,2.42,2.42,2.42,1,2
07.10.2011,2.44,2.44,2.44,2.44,41,100
06.10.2011,2.43,2.43,2.43,2.43,1814,4408
30.09.2011,2.55,2.55,2.55,2.55,1071,2731
29.09.2011,2.53,2.55,2.53,2.55,743,1889
26.09.2011,2.45,2.45,2.45,2.45,299,733
23.09.2011,2.47,2.47,2.43,2.43,3287,8056
22.09.2011,2.46,2.46,2.46,2.46,1100,2706
16.09.2011,2.46,2.46,2.46,2.46,639,1572
15.09.2011,2.46,2.46,2.46,2.46,239,588
14.09.2011,2.46,2.46,2.46,2.46,200,492
13.09.2011,2.46,2.46,2.46,2.46,494,1215
12.09.2011,2.46,2.46,2.46,2.46,500,1230
07.09.2011,2.46,2.46,2.46,2.46,113,278
05.09.2011,2.48,2.48,2.46,2.46,2256,5583
02.09.2011,2.50,2.50,2.48,2.48,482,1203
31.08.2011,2.48,2.48,2.48,2.48,100,248
26.08.2011,2.48,2.48,2.48,2.48,500,1240
25.08.2011,2.52,2.54,2.52,2.54,3250,8251
23.08.2011,2.43,2.43,2.43,2.43,800,1944
19.08.2011,2.43,2.43,2.43,2.43,16,39
17.08.2011,2.52,2.56,2.52,2.56,6447,16357
16.08.2011,2.52,2.52,2.48,2.48,404,1010
12.08.2011,2.40,2.48,2.40,2.48,5715,13963
11.08.2011,2.36,2.36,2.36,2.36,1317,3108
09.08.2011,2.39,2.39,2.38,2.38,3931,9390
08.08.2011,2.40,2.40,2.39,2.39,3279,7857
05.08.2011,2.42,2.42,2.38,2.39,17885,42879
04.08.2011,2.41,2.41,2.40,2.40,5850,14082
03.08.2011,2.41,2.41,2.41,2.41,850,2049
01.08.2011,2.40,2.51,2.40,2.51,149,370
29.07.2011,2.40,2.40,2.40,2.40,51,122
27.07.2011,2.41,2.44,2.40,2.40,4152,9990
25.07.2011,2.39,2.39,2.39,2.39,198,473
22.07.2011,2.43,2.43,2.43,2.43,1276,3101
21.07.2011,2.39,2.42,2.39,2.42,27,65
20.07.2011,2.39,2.39,2.39,2.39,300,717
19.07.2011,2.42,2.42,2.39,2.39,5492,13203
15.07.2011,2.43,2.43,2.42,2.42,546,1326
13.07.2011,2.51,2.51,2.51,2.51,20,50
12.07.2011,2.50,2.51,2.50,2.51,1650,4141
11.07.2011,2.44,2.44,2.42,2.42,775,1883
08.07.2011,2.43,2.51,2.43,2.51,5865,14645
07.07.2011,2.57,2.57,2.45,2.50,9808,24363
06.07.2011,2.55,2.55,2.50,2.51,10615,26760
05.07.2011,2.71,2.72,2.62,2.62,5505,14714
04.07.2011,2.91,2.91,2.70,2.70,10179,27982
01.07.2011,2.96,2.96,2.77,2.80,8465,24067
30.06.2011,3.00,3.00,2.95,2.95,1000,2988
28.06.2011,2.97,2.97,2.97,2.97,52,154
27.06.2011,2.95,2.95,2.90,2.90,650,1900
24.06.2011,3.01,3.01,3.01,3.01,485,1460
22.06.2011,3.01,3.01,3.01,3.01,20,60
21.06.2011,3.01,3.01,3.01,3.01,232,698
20.06.2011,3.01,3.05,3.01,3.05,364,1100
17.06.2011,3.05,3.05,3.05,3.05,732,2233
16.06.2011,3.05,3.05,3.05,3.05,419,1278
15.06.2011,3.10,3.20,3.05,3.05,8246,25252
14.06.2011,3.20,3.20,3.20,3.20,21,67
13.06.2011,3.15,3.15,3.15,3.15,4,13
10.06.2011,3.15,3.15,3.15,3.15,1398,4404
09.06.2011,3.10,3.10,3.10,3.10,98,304
08.06.2011,3.11,3.11,3.11,3.11,51,159
03.06.2011,3.20,3.20,3.20,3.20,300,960
02.06.2011,3.11,3.11,3.05,3.05,3000,9294
31.05.2011,3.24,3.24,3.24,3.24,160,518
30.05.2011,3.24,3.24,3.21,3.24,226,732
27.05.2011,3.20,3.24,3.20,3.24,30,97
23.05.2011,3.23,3.24,3.16,3.24,1135,3594
19.05.2011,3.18,3.24,3.16,3.24,1035,3276
17.05.2011,3.29,3.30,3.19,3.25,15128,48811
16.05.2011,3.30,3.42,3.29,3.29,1406,4626
13.05.2011,3.40,3.47,3.27,3.42,10906,36651
12.05.2011,3.68,3.75,3.55,3.64,4894,17627
11.05.2011,3.75,3.80,3.63,3.76,1345,5043
10.05.2011,3.80,3.81,3.66,3.80,4449,16837
09.05.2011,3.75,3.79,3.75,3.79,4787,17982
06.05.2011,3.60,3.75,3.55,3.75,20953,76783
05.05.2011,3.53,3.60,3.50,3.60,7351,26230
04.05.2011,3.50,3.52,3.44,3.52,8784,30732
29.04.2011,3.35,3.49,3.35,3.49,60,205
28.04.2011,3.49,3.49,3.37,3.37,65,225
21.04.2011,3.53,3.53,3.37,3.53,610,2152
20.04.2011,3.40,3.53,3.36,3.53,4727,16108
19.04.2011,3.35,3.40,3.35,3.40,12,40
18.04.2011,3.35,3.40,3.35,3.40,4345,14576
15.04.2011,3.30,3.35,3.30,3.35,341,1127
14.04.2011,3.35,3.36,3.28,3.36,228,755
13.04.2011,3.33,3.35,3.28,3.35,2717,9048
12.04.2011,3.29,3.33,3.28,3.33,425,1395
11.04.2011,3.25,3.35,3.25,3.35,1263,4203
08.04.2011,3.25,3.35,3.25,3.35,141,469
07.04.2011,3.25,3.37,3.25,3.36,847,2753
06.04.2011,3.35,3.39,3.22,3.39,5081,16799
05.04.2011,3.07,3.39,3.07,3.36,6272,20124
04.04.2011,3.18,3.24,3.15,3.20,261,826
01.04.2011,3.12,3.18,3.12,3.18,2587,8108
30.03.2011,3.13,3.18,3.13,3.18,887,2777
29.03.2011,3.13,3.18,3.13,3.18,1038,3251
28.03.2011,3.13,3.19,3.13,3.19,1636,5127
25.03.2011,3.14,3.20,3.14,3.20,2396,7524
24.03.2011,3.15,3.26,3.14,3.24,825,2604
23.03.2011,3.10,3.25,3.07,3.25,6545,20429
22.03.2011,3.20,3.34,3.18,3.34,282,901
17.03.2011,3.22,3.37,3.22,3.37,47,151
15.03.2011,3.22,3.38,3.22,3.38,622,2051
14.03.2011,3.35,3.38,3.22,3.38,389,1256
10.03.2011,3.23,3.40,3.23,3.40,175,567
09.03.2011,3.23,3.40,3.23,3.40,113,367
07.03.2011,3.26,3.43,3.23,3.40,753,2498
03.03.2011,3.29,3.45,3.26,3.43,344,1149
01.03.2011,3.49,3.55,3.33,3.45,3255,10930
28.02.2011,3.41,3.60,3.37,3.49,7906,27476
25.02.2011,3.08,3.43,3.08,3.42,24395,80416
23.02.2011,3.06,3.07,3.06,3.07,209,640
22.02.2011,2.95,3.07,2.95,3.07,21,62
21.02.2011,2.99,3.08,2.98,3.08,1544,4624
11.02.2011,3.09,3.14,3.09,3.14,502,1555
09.02.2011,3.05,3.14,3.04,3.14,2282,6987
08.02.2011,3.11,3.19,3.07,3.15,2787,8622
07.02.2011,3.12,3.24,3.09,3.23,365,1139
04.02.2011,2.98,3.24,2.98,3.24,1374,4302
03.02.2011,3.09,3.24,3.09,3.24,57,179
02.02.2011,3.20,3.23,3.09,3.19,174,550
01.02.2011,3.14,3.25,3.14,3.25,399,1257
28.01.2011,3.16,3.27,3.14,3.27,678,2159
27.01.2011,3.18,3.20,3.18,3.20,1600,5103
26.01.2011,3.02,3.29,3.02,3.28,1682,5337
25.01.2011,3.00,3.00,3.00,3.00,250,750
24.01.2011,3.01,3.02,3.00,3.00,1700,5122
20.01.2011,2.97,3.02,2.97,3.02,24,72
18.01.2011,3.02,3.04,3.00,3.04,2110,6355
17.01.2011,2.97,3.04,2.97,3.04,161,478
14.01.2011,2.97,3.01,2.97,3.01,133,396
13.01.2011,2.96,3.01,2.96,3.01,4,12
11.01.2011,3.02,3.04,3.02,3.02,219,662
10.01.2011,3.02,3.02,3.02,3.02,1,3
07.01.2011,3.02,3.02,3.02,3.02,132,399
05.01.2011,3.02,3.02,3.02,3.02,1300,3926
04.01.2011,2.97,3.10,2.95,3.10,2145,6359
03.01.2011,3.02,3.10,3.02,3.10,100,303
30.12.2010,2.97,3.10,2.97,3.10,707,2150
29.12.2010,2.97,3.17,2.97,3.10,3376,20378
28.12.2010,2.94,2.98,2.86,2.98,1371,8035
27.12.2010,2.95,3.04,2.94,3.00,1277,7579
23.12.2010,3.02,3.07,2.95,3.04,1562,9341
22.12.2010,3.06,3.06,2.91,3.05,1529,9178
21.12.2010,3.01,3.05,3.00,3.05,3343,20197
20.12.2010,3.03,3.09,3.02,3.05,1316,7983
17.12.2010,3.14,3.14,3.03,3.09,635,3877
16.12.2010,3.13,3.14,3.00,3.14,114,713
15.12.2010,3.10,3.14,3.10,3.14,1496,9277
13.12.2010,3.12,3.16,3.00,3.16,443,2708
09.12.2010,3.02,3.12,3.00,3.12,1747,10529
08.12.2010,3.02,3.14,3.02,3.14,169,1031
07.12.2010,3.16,3.17,3.02,3.14,2587,15863
06.12.2010,3.09,3.16,3.02,3.16,557,3442
03.12.2010,3.09,3.09,3.09,3.09,400,2472
02.12.2010,3.10,3.10,3.02,3.10,1470,9054
01.12.2010,3.05,3.10,3.01,3.10,936,5699
30.11.2010,2.96,3.17,2.96,3.17,5101,30494
29.11.2010,3.27,3.27,2.95,3.20,6365,38767
26.11.2010,3.27,3.27,3.15,3.27,349,2271
24.11.2010,3.15,3.27,3.15,3.27,140,892
23.11.2010,3.23,3.37,3.20,3.20,1724,11099
22.11.2010,3.30,3.37,3.23,3.37,700,4556
19.11.2010,3.29,3.40,3.24,3.37,644,4224
18.11.2010,3.28,3.43,3.28,3.38,1009,6678
17.11.2010,3.28,3.40,3.28,3.40,1101,7343
16.11.2010,3.35,3.44,3.29,3.44,2036,13520
15.11.2010,3.35,3.44,3.35,3.44,760,5130
12.11.2010,3.44,3.44,3.30,3.44,1057,7175
10.11.2010,3.28,3.44,3.28,3.44,358,2449
09.11.2010,3.26,3.44,3.26,3.44,1844,12430
08.11.2010,3.26,3.41,3.25,3.39,3454,22859
02.11.2010,3.28,3.44,3.21,3.44,7516,49392
29.10.2010,3.34,3.43,3.29,3.40,3414,22749
28.10.2010,3.45,3.45,3.45,3.45,280,1932
27.10.2010,3.43,3.45,3.34,3.45,2107,14291
26.10.2010,3.49,3.49,3.42,3.48,1040,7166
25.10.2010,3.49,3.49,3.40,3.49,428,2974
22.10.2010,3.35,3.47,3.32,3.45,4627,31367
21.10.2010,3.55,3.60,3.32,3.48,18718,128911
20.10.2010,3.10,3.58,3.10,3.54,48898,333601
18.10.2010,3.11,3.11,3.10,3.10,212,1318
15.10.2010,3.11,3.11,3.11,3.11,400,2488
14.10.2010,3.12,3.19,3.12,3.19,713,4477
13.10.2010,3.11,3.17,3.11,3.14,2431,15195
12.10.2010,3.13,3.13,3.13,3.13,20,125
11.10.2010,3.17,3.18,3.12,3.18,350,2192
06.10.2010,3.21,3.21,3.21,3.21,390,2504
05.10.2010,3.21,3.22,3.20,3.20,1623,10423
01.10.2010,3.15,3.15,3.15,3.15,500,3150
30.09.2010,3.12,3.22,3.12,3.22,2303,14618
29.09.2010,3.12,3.18,3.12,3.13,989,6231
28.09.2010,3.12,3.12,3.12,3.12,36,225
27.09.2010,3.12,3.13,3.12,3.12,737,4605
24.09.2010,3.11,3.12,3.11,3.12,97,603
23.09.2010,3.15,3.23,3.15,3.15,2132,13741
22.09.2010,3.20,3.21,3.20,3.21,1150,7363
21.09.2010,3.13,3.19,3.07,3.19,3284,20453
20.09.2010,3.05,3.19,3.05,3.13,6215,39049
17.09.2010,3.20,3.20,3.12,3.12,603,3859
16.09.2010,3.25,3.25,3.11,3.24,5518,35606
15.09.2010,3.09,3.15,3.03,3.15,2046,12636
14.09.2010,3.09,3.09,3.09,3.09,256,1582
13.09.2010,3.11,3.16,3.09,3.16,4076,25347
10.09.2010,3.11,3.16,3.11,3.16,304,1921
09.09.2010,3.03,3.18,3.03,3.18,1350,8336
08.09.2010,3.07,3.13,3.07,3.13,47,291
07.09.2010,3.12,3.12,3.12,3.12,861,5373
06.09.2010,3.05,3.13,3.01,3.12,2777,16991
03.09.2010,3.07,3.08,3.07,3.08,6373,39255
02.09.2010,3.08,3.08,3.08,3.08,9044,55711
01.09.2010,3.18,3.20,3.18,3.20,50,319
31.08.2010,3.16,3.29,3.05,3.29,8713,53992
30.08.2010,3.18,3.30,3.18,3.30,777,4954
27.08.2010,3.31,3.31,3.22,3.31,5897,38365
26.08.2010,3.32,3.35,3.32,3.32,617,4115
25.08.2010,3.26,3.41,3.25,3.41,3030,19966
24.08.2010,3.58,3.58,3.33,3.33,6124,41725
23.08.2010,3.63,3.63,3.47,3.61,3057,21257
20.08.2010,3.68,3.68,3.68,3.68,60,442
19.08.2010,3.50,3.59,3.44,3.59,1760,12159
18.08.2010,3.51,3.68,3.50,3.50,1174,8252
17.08.2010,3.57,3.70,3.52,3.70,1050,7462
16.08.2010,3.56,3.70,3.56,3.70,423,3096
12.08.2010,3.65,3.70,3.52,3.70,1454,10321
11.08.2010,3.56,3.70,3.56,3.70,140,1000
10.08.2010,3.56,3.70,3.56,3.65,160,1153
05.08.2010,3.68,3.70,3.68,3.70,1368,10083
04.08.2010,3.68,3.76,3.58,3.76,3851,28771
03.08.2010,3.67,3.67,3.62,3.66,485,3551
02.08.2010,3.53,3.70,3.53,3.69,3973,28710
30.07.2010,3.48,3.58,3.42,3.42,4198,29225
29.07.2010,3.48,3.55,3.48,3.55,564,4004
28.07.2010,3.54,3.62,3.50,3.55,5462,38667
27.07.2010,3.57,3.62,3.44,3.46,8005,56487
26.07.2010,3.38,3.60,3.37,3.60,15221,106218
23.07.2010,3.33,3.38,3.32,3.32,4909,32882
22.07.2010,3.20,3.20,3.20,3.20,701,4486
21.07.2010,3.20,3.33,3.20,3.28,2740,17905
20.07.2010,3.14,3.30,3.14,3.21,11094,71828
19.07.2010,3.00,3.00,3.00,3.00,184,1104
16.07.2010,3.02,3.14,3.02,3.14,2644,16528
15.07.2010,3.02,3.02,3.02,3.02,50,302
14.07.2010,3.10,3.10,3.02,3.10,60,372
13.07.2010,3.07,3.15,3.05,3.15,1352,8307
12.07.2010,3.13,3.13,3.13,3.13,100,626
09.07.2010,3.01,3.18,3.01,3.18,920,5845
08.07.2010,3.02,3.19,3.00,3.19,110,665
05.07.2010,3.09,3.09,3.09,3.09,380,2348
02.07.2010,2.97,3.09,2.97,3.09,1299,7737
01.07.2010,3.00,3.20,3.00,3.20,608,3749
30.06.2010,2.99,2.99,2.97,2.98,3054,18222
29.06.2010,2.99,3.10,2.99,3.10,21,130
28.06.2010,3.00,3.00,3.00,3.00,18,108
25.06.2010,3.00,3.00,3.00,3.00,13,78
24.06.2010,3.19,3.19,3.00,3.15,1847,11268
22.06.2010,3.05,3.23,3.00,3.21,2033,12455
21.06.2010,3.00,3.00,3.00,3.00,250,1500
18.06.2010,3.05,3.05,3.05,3.05,60,366
17.06.2010,3.01,3.05,3.01,3.05,1582,9528
16.06.2010,3.23,3.23,3.23,3.23,203,1311
15.06.2010,3.05,3.10,3.01,3.05,3773,23006
14.06.2010,3.24,3.24,3.10,3.21,3240,20622
11.06.2010,3.10,3.10,3.10,3.10,74,459
10.06.2010,3.24,3.24,3.10,3.24,217,1390
09.06.2010,3.09,3.24,3.09,3.24,75,476
08.06.2010,3.10,3.10,3.10,3.10,188,1166
07.06.2010,3.12,3.24,3.10,3.10,1582,9896
04.06.2010,3.15,3.24,3.14,3.24,1580,9951
01.06.2010,3.17,3.24,3.14,3.24,5666,36423
31.05.2010,3.15,3.18,3.15,3.18,50,317
24.05.2010,3.19,3.19,3.19,3.19,112,715
20.05.2010,3.08,3.19,3.08,3.19,157,996
19.05.2010,3.09,3.15,3.09,3.09,679,4218
18.05.2010,3.12,3.12,3.12,3.12,22,137
17.05.2010,3.14,3.24,3.05,3.19,4634,28685
14.05.2010,3.09,3.14,3.09,3.14,1285,7961
13.05.2010,3.13,3.13,3.06,3.10,830,5093
12.05.2010,3.05,3.05,3.05,3.05,103,628
11.05.2010,3.05,3.14,3.05,3.14,16,99
10.05.2010,3.01,3.14,3.01,3.14,412,2556
07.05.2010,3.04,3.10,3.04,3.04,2455,14937
05.05.2010,3.04,3.04,3.03,3.03,1100,6669
04.05.2010,3.12,3.12,3.11,3.11,962,5992
30.04.2010,3.10,3.22,3.10,3.22,297,1854
29.04.2010,3.11,3.11,3.11,3.11,800,4976
28.04.2010,3.11,3.22,3.11,3.11,112,699
27.04.2010,3.14,3.17,3.13,3.13,370,2320
26.04.2010,3.20,3.21,3.20,3.20,51,327
23.04.2010,3.08,3.08,3.07,3.08,422,2599
22.04.2010,3.11,3.11,3.08,3.08,2192,13580
21.04.2010,3.08,3.19,3.08,3.19,40,251
20.04.2010,3.14,3.29,3.05,3.05,7095,44325
19.04.2010,3.19,3.30,3.16,3.17,1152,7301
16.04.2010,3.22,3.32,3.20,3.30,3424,21999
14.04.2010,3.25,3.33,3.25,3.25,1082,7035
13.04.2010,3.25,3.33,3.25,3.33,18,118
09.04.2010,3.28,3.38,3.25,3.38,960,6278
08.04.2010,3.16,3.30,3.16,3.28,543,3455
07.04.2010,3.30,3.38,3.30,3.38,930,6209
06.04.2010,3.22,3.30,3.22,3.30,11,72
01.04.2010,3.30,3.30,3.23,3.30,301,1965
30.03.2010,3.25,3.30,3.22,3.30,2819,18325
29.03.2010,3.24,3.30,3.20,3.30,3248,20866
26.03.2010,3.23,3.30,3.22,3.30,1630,10558
25.03.2010,3.32,3.32,3.28,3.28,1766,11669
24.03.2010,3.32,3.32,3.31,3.31,991,6566
23.03.2010,3.25,3.39,3.25,3.31,2115,13860
22.03.2010,3.35,3.40,3.24,3.40,3150,20656
19.03.2010,3.10,3.38,3.10,3.38,13974,88857
18.03.2010,3.10,3.10,3.10,3.10,1000,6200
17.03.2010,3.08,3.14,3.00,3.10,192,1190
16.03.2010,3.05,3.05,2.95,3.05,2630,15920
15.03.2010,2.94,3.03,2.94,3.03,2595,15278
12.03.2010,2.94,2.94,2.94,2.94,100,588
11.03.2010,3.00,3.00,2.90,2.90,1074,6314
10.03.2010,3.07,3.07,3.00,3.00,1616,9905
04.03.2010,3.02,3.16,3.02,3.10,838,5207
03.03.2010,3.02,3.02,3.02,3.02,6,36
01.03.2010,3.03,3.10,3.03,3.10,300,1846
26.02.2010,3.18,3.18,3.05,3.05,1013,6186
25.02.2010,3.05,3.15,3.04,3.15,1610,9813
24.02.2010,3.14,3.15,3.07,3.15,3553,22138
23.02.2010,3.17,3.17,3.14,3.14,2037,12858
22.02.2010,3.10,3.25,3.05,3.25,6103,37739
19.02.2010,2.71,3.00,2.71,3.00,1496,8422
18.02.2010,2.82,2.82,2.82,2.82,600,3384
17.02.2010,2.81,2.81,2.79,2.79,1663,9302
16.02.2010,2.90,2.90,2.90,2.90,1000,5800
15.02.2010,2.84,2.84,2.83,2.83,1417,8042
11.02.2010,2.95,2.95,2.94,2.94,2887,17000
09.02.2010,2.95,2.95,2.91,2.91,1040,6061
05.02.2010,2.90,2.94,2.86,2.94,2250,13026
04.02.2010,2.98,2.98,2.98,2.98,1000,5960
03.02.2010,2.90,2.91,2.90,2.91,252,1463
02.02.2010,3.00,3.00,3.00,3.00,617,3702
01.02.2010,2.96,3.04,2.90,3.00,6589,39361
29.01.2010,2.72,2.82,2.72,2.82,1965,10871
28.01.2010,2.60,2.75,2.60,2.75,1640,8802
26.01.2010,2.60,2.60,2.60,2.60,1015,5278
25.01.2010,2.61,2.61,2.60,2.60,1611,8391
22.01.2010,2.65,2.65,2.61,2.61,689,3613
21.01.2010,2.62,2.73,2.61,2.73,1272,6818
20.01.2010,2.61,2.62,2.61,2.62,1200,6274
19.01.2010,2.62,2.62,2.62,2.62,600,3144
18.01.2010,2.60,2.67,2.58,2.67,4410,22916
15.01.2010,2.67,2.67,2.67,2.67,300,1602
14.01.2010,2.59,2.67,2.59,2.67,105,560
13.01.2010,2.60,2.60,2.58,2.58,500,2596
12.01.2010,2.57,2.57,2.57,2.57,164,843
11.01.2010,2.58,2.58,2.56,2.57,637,3269
07.01.2010,2.57,2.57,2.56,2.56,200,1027
06.01.2010,2.67,2.67,2.67,2.67,161,860
05.01.2010,2.58,2.65,2.58,2.65,1865,9787
04.01.2010,2.62,2.68,2.61,2.68,696,3648
31.12.2009,2.63,2.63,2.55,2.62,5419,28066
30.12.2009,2.62,2.67,2.62,2.67,2468,13134
29.12.2009,2.57,2.57,2.57,2.57,279,1434
28.12.2009,2.60,2.62,2.56,2.56,2216,11466
23.12.2009,2.57,2.60,2.57,2.60,2931,15083
22.12.2009,2.53,2.78,2.53,2.69,10108,53132
21.12.2009,2.60,2.60,2.53,2.53,2860,14690
18.12.2009,2.60,2.60,2.60,2.60,120,624
17.12.2009,2.61,2.73,2.60,2.65,1790,9385
16.12.2009,2.72,2.77,2.65,2.65,2423,13282
15.12.2009,2.73,2.73,2.72,2.72,89,486
14.12.2009,2.80,2.80,2.80,2.80,1193,6681
11.12.2009,2.88,2.88,2.80,2.80,4071,22843
10.12.2009,2.85,2.95,2.81,2.90,7607,43101
09.12.2009,2.83,2.98,2.82,2.82,1580,9127
08.12.2009,2.83,2.83,2.83,2.83,3468,19629
07.12.2009,2.83,2.96,2.83,2.84,4390,25436
04.12.2009,3.00,3.00,2.78,2.81,11054,63285
03.12.2009,3.05,3.05,3.00,3.05,657,3959
02.12.2009,3.00,3.05,3.00,3.05,63,379
01.12.2009,3.00,3.08,3.00,3.02,1715,10552
30.11.2009,3.02,3.07,3.02,3.07,518,3171
27.11.2009,2.95,3.00,2.95,3.00,600,3580
25.11.2009,3.10,3.10,2.95,2.95,2604,15559
24.11.2009,3.15,3.15,3.07,3.07,5770,35481
23.11.2009,3.07,3.23,3.07,3.08,2652,16341
20.11.2009,3.24,3.24,3.07,3.07,1677,10515
19.11.2009,3.10,3.10,3.07,3.10,1328,8218
18.11.2009,3.10,3.10,3.10,3.10,177,1097
17.11.2009,3.21,3.26,3.09,3.10,4698,29757
16.11.2009,3.23,3.23,3.21,3.21,3863,24889
13.11.2009,3.20,3.30,3.20,3.30,84,544
12.11.2009,3.26,3.33,3.26,3.30,4821,31509
10.11.2009,3.10,3.15,3.10,3.10,3630,22575
09.11.2009,3.13,3.13,3.13,3.13,526,3293
05.11.2009,3.11,3.11,3.11,3.11,313,1947
02.11.2009,3.18,3.31,3.18,3.18,2866,18530
30.10.2009,3.27,3.29,3.12,3.29,4448,29029
29.10.2009,3.32,3.32,3.30,3.30,796,5259
28.10.2009,3.30,3.40,3.23,3.32,3866,25839
27.10.2009,3.27,3.30,3.27,3.30,8314,54551
26.10.2009,3.12,3.27,3.12,3.18,6315,40128
23.10.2009,3.07,3.29,3.07,3.12,3879,24509
22.10.2009,3.07,3.07,3.07,3.07,271,1664
21.10.2009,3.16,3.16,3.16,3.16,578,3653
20.10.2009,3.13,3.22,3.07,3.07,9109,57674
19.10.2009,3.21,3.35,3.04,3.22,13453,84745
16.10.2009,3.34,3.34,3.22,3.25,692,4607
15.10.2009,3.28,3.28,3.28,3.28,1287,8443
14.10.2009,3.25,3.40,3.25,3.26,2737,17822
13.10.2009,3.36,3.36,3.23,3.24,3907,25466
12.10.2009,3.36,3.38,3.36,3.38,341,2303
09.10.2009,3.29,3.39,3.29,3.35,174,1166
07.10.2009,3.27,3.57,3.27,3.39,5404,36970
06.10.2009,3.30,3.40,3.30,3.40,489,3311
05.10.2009,3.39,3.39,3.39,3.39,2,14
02.10.2009,3.28,3.29,3.28,3.29,502,3298
01.10.2009,3.34,3.37,3.27,3.27,656,4372
30.09.2009,3.38,3.39,3.38,3.39,969,6564
29.09.2009,3.48,3.58,3.24,3.30,14205,96594
28.09.2009,3.40,3.73,3.40,3.48,38818,277069
25.09.2009,3.32,3.42,3.32,3.41,1033,7012
24.09.2009,3.35,3.43,3.35,3.40,951,6392
23.09.2009,3.43,3.43,3.40,3.42,1784,12176
22.09.2009,3.44,3.44,3.30,3.42,1030,6998
21.09.2009,3.45,3.45,3.21,3.35,9593,63591
18.09.2009,3.35,3.45,3.35,3.45,435,2989
17.09.2009,3.29,3.44,3.29,3.43,711,4716
16.09.2009,3.21,3.45,3.21,3.45,1706,11577
14.09.2009,3.36,3.36,3.36,3.36,43,289
11.09.2009,3.18,3.35,3.18,3.35,710,4587
10.09.2009,3.42,3.46,3.28,3.42,3932,26454
09.09.2009,3.20,3.46,3.20,3.46,3801,24924
08.09.2009,3.20,3.25,3.20,3.25,1662,10737
07.09.2009,3.14,3.25,3.14,3.20,2292,14543
04.09.2009,3.14,3.32,3.14,3.16,335,2155
03.09.2009,3.25,3.30,3.14,3.14,6791,44107
02.09.2009,3.31,3.31,3.20,3.25,3117,20258
01.09.2009,3.55,3.55,3.30,3.30,5596,37942
31.08.2009,3.44,3.55,3.43,3.45,2823,19574
28.08.2009,3.46,3.57,3.42,3.57,2780,19412
27.08.2009,3.44,3.51,3.44,3.51,2029,14231
26.08.2009,3.55,3.61,3.41,3.45,7785,54344
25.08.2009,3.54,3.54,3.53,3.54,1548,10957
24.08.2009,3.65,3.65,3.53,3.53,5901,42453
21.08.2009,3.40,3.65,3.40,3.65,9475,66418
20.08.2009,3.15,3.49,3.15,3.48,30309,200077
19.08.2009,3.29,3.49,3.29,3.49,2902,19597
17.08.2009,3.42,3.44,3.33,3.38,6135,41727
14.08.2009,3.43,3.50,3.43,3.50,1559,10760
13.08.2009,3.42,3.51,3.41,3.50,2191,15287
12.08.2009,3.55,3.55,3.45,3.45,2860,20115
11.08.2009,3.60,3.60,3.55,3.56,176,1266
10.08.2009,3.50,3.68,3.50,3.65,3996,28504
07.08.2009,3.50,3.62,3.50,3.62,465,3260
06.08.2009,3.49,3.49,3.44,3.44,3070,21388
05.08.2009,3.56,3.61,3.48,3.51,12207,86498
04.08.2009,3.70,3.70,3.54,3.70,6425,46791
03.08.2009,3.70,3.70,3.69,3.69,2584,19109
31.07.2009,3.71,3.73,3.56,3.73,5182,37490
30.07.2009,3.57,3.71,3.50,3.71,10073,72988
29.07.2009,3.73,3.73,3.56,3.57,3667,26707
28.07.2009,3.63,3.67,3.61,3.63,5542,40271
27.07.2009,3.68,3.79,3.62,3.79,7565,56132
24.07.2009,3.57,3.72,3.57,3.72,4242,30804
23.07.2009,3.43,3.73,3.37,3.73,28506,202388
22.07.2009,3.45,3.45,3.40,3.42,2599,17720
21.07.2009,3.43,3.45,3.40,3.45,2184,14982
20.07.2009,3.44,3.44,3.42,3.43,1738,11937
17.07.2009,3.52,3.60,3.50,3.50,7895,55719
16.07.2009,3.66,3.66,3.40,3.40,23481,164656
15.07.2009,3.72,3.84,3.50,3.63,42789,310962
14.07.2009,3.95,4.00,3.72,3.72,12052,91806
13.07.2009,3.92,4.05,3.84,3.84,11987,93166
10.07.2009,4.00,4.30,3.91,3.91,39879,327188
09.07.2009,3.69,4.40,3.39,4.11,74720,588840
08.07.2009,3.69,3.77,3.65,3.70,9460,70106
07.07.2009,4.10,4.10,3.70,3.89,31240,241559
06.07.2009,3.38,4.32,3.33,4.13,82037,640870
03.07.2009,4.00,4.51,3.40,3.48,189330,1551003
02.07.2009,3.44,3.78,3.37,3.78,20042,143218
01.07.2009,2.47,3.25,2.47,3.25,58574,331243
30.06.2009,2.39,2.39,2.31,2.37,2760,12941
29.06.2009,2.35,2.35,2.20,2.20,657,3086
26.06.2009,2.50,2.50,2.30,2.30,943,4378
25.06.2009,2.32,2.32,2.30,2.30,5370,24817
24.06.2009,2.32,2.41,2.32,2.33,1091,5081
23.06.2009,2.37,2.37,2.32,2.32,2500,11659
22.06.2009,2.50,2.58,2.46,2.46,11790,58373
19.06.2009,2.48,2.48,2.48,2.48,1159,5749
18.06.2009,2.47,2.50,2.47,2.50,2181,10825
17.06.2009,2.70,2.70,2.57,2.57,1176,6069
16.06.2009,2.70,2.85,2.57,2.72,7339,40724
15.06.2009,2.73,2.75,2.69,2.75,4085,22168
12.06.2009,2.70,2.80,2.63,2.71,12425,67188
10.06.2009,2.64,2.64,2.48,2.64,10676,54983
09.06.2009,2.56,2.60,2.55,2.59,2012,10403
08.06.2009,2.55,2.55,2.48,2.50,2010,10063
05.06.2009,2.34,2.55,2.34,2.50,16332,79345
04.06.2009,2.35,2.35,2.34,2.34,4682,21937
03.06.2009,2.29,2.34,2.29,2.34,1168,5394
02.06.2009,2.26,2.32,2.26,2.30,3030,13864
01.06.2009,2.33,2.33,2.22,2.23,12265,55330
29.05.2009,2.22,2.33,2.22,2.30,11354,51941
28.05.2009,2.23,2.23,2.23,2.23,1000,4460
27.05.2009,2.29,2.29,2.20,2.20,6000,26453
26.05.2009,2.28,2.30,2.19,2.19,3659,16500
25.05.2009,2.36,2.36,2.36,2.36,200,944
22.05.2009,2.45,2.45,2.45,2.45,90,441
20.05.2009,2.50,2.55,2.47,2.47,2578,12838
19.05.2009,2.38,2.55,2.38,2.55,6396,31397
18.05.2009,2.48,2.48,2.42,2.43,2800,13613
15.05.2009,2.55,2.55,2.55,2.55,10,51
14.05.2009,2.50,2.50,2.40,2.50,13823,68392
13.05.2009,2.63,2.70,2.60,2.60,4300,22667
12.05.2009,2.63,2.74,2.63,2.74,670,3590
11.05.2009,2.76,2.77,2.63,2.77,3469,19024
08.05.2009,2.70,2.88,2.70,2.85,8369,46078
07.05.2009,2.75,2.83,2.70,2.76,28844,156362
06.05.2009,2.63,2.65,2.63,2.65,892,4727
05.05.2009,2.75,2.75,2.65,2.65,2021,11039
04.05.2009,2.87,2.87,2.73,2.73,5833,32985
30.04.2009,3.06,3.11,2.88,2.88,3042,18354
29.04.2009,3.02,3.05,3.00,3.04,8691,52288
28.04.2009,3.02,3.02,2.92,3.00,5045,30361
27.04.2009,3.18,3.18,3.03,3.03,9520,58798
24.04.2009,3.10,3.10,3.01,3.09,4260,26093
23.04.2009,2.92,3.08,2.92,3.05,4473,26956
22.04.2009,2.84,2.90,2.77,2.90,4458,25303
21.04.2009,2.60,2.75,2.60,2.75,13130,68986
20.04.2009,2.61,2.72,2.59,2.59,5700,29753
17.04.2009,2.63,2.76,2.55,2.72,16799,88221
16.04.2009,2.42,2.58,2.42,2.53,21020,106591
15.04.2009,2.43,2.47,2.39,2.42,2850,13813
14.04.2009,2.30,2.44,2.30,2.43,10482,49557
09.04.2009,2.32,2.35,2.28,2.30,4028,18535
08.04.2009,2.17,2.31,2.17,2.30,6543,29040
07.04.2009,2.20,2.26,2.15,2.26,5349,23342
06.04.2009,2.42,2.50,2.29,2.29,12120,58058
03.04.2009,2.37,2.41,2.15,2.41,20978,93613
02.04.2009,1.99,2.38,1.99,2.38,12510,54923
01.04.2009,1.85,1.98,1.80,1.98,2565,9545
31.03.2009,1.80,1.87,1.80,1.87,1523,5528
30.03.2009,2.00,2.00,1.80,1.80,11438,42481
27.03.2009,1.79,1.95,1.76,1.85,31883,116789
26.03.2009,1.75,1.78,1.71,1.75,5638,19761
25.03.2009,1.68,1.69,1.68,1.69,15720,53119
24.03.2009,1.74,1.75,1.62,1.62,6730,22874
23.03.2009,1.62,1.70,1.59,1.69,8443,27612
20.03.2009,1.63,1.63,1.63,1.63,1416,4616
19.03.2009,1.63,1.66,1.59,1.60,11042,35779
17.03.2009,1.70,1.70,1.70,1.70,5,17
16.03.2009,1.58,1.68,1.57,1.67,8892,28482
13.03.2009,1.60,1.60,1.57,1.57,518,1627
12.03.2009,1.52,1.54,1.47,1.54,15377,45611
11.03.2009,1.59,1.59,1.53,1.53,746,2298
10.03.2009,1.53,1.53,1.47,1.49,4876,14479
09.03.2009,1.57,1.57,1.54,1.54,15933,49156
06.03.2009,1.52,1.52,1.44,1.52,1262,3691
05.03.2009,1.48,1.48,1.48,1.48,2500,7400
04.03.2009,1.49,1.56,1.39,1.48,17031,48634
03.03.2009,1.56,1.63,1.48,1.54,10218,31700
02.03.2009,1.72,1.72,1.50,1.50,6327,20179
27.02.2009,1.80,1.80,1.71,1.71,5451,18662
26.02.2009,1.78,1.78,1.78,1.78,400,1424
25.02.2009,1.71,1.79,1.71,1.79,304,1049
23.02.2009,1.90,1.90,1.70,1.79,4989,17917
20.02.2009,1.87,1.87,1.72,1.84,126,441
19.02.2009,1.90,1.90,1.75,1.75,7047,24692
18.02.2009,1.79,1.97,1.74,1.80,2333,8338
17.02.2009,1.85,1.98,1.80,1.80,4652,16801
16.02.2009,1.74,1.94,1.74,1.86,912,3247
13.02.2009,1.70,1.74,1.69,1.74,4600,15582
12.02.2009,1.78,1.78,1.78,1.78,495,1762
11.02.2009,1.85,1.85,1.76,1.78,15770,55906
10.02.2009,1.84,2.00,1.80,1.82,22360,83239
09.02.2009,1.82,1.82,1.73,1.79,2428,8606
06.02.2009,1.87,1.87,1.78,1.78,11472,42014
05.02.2009,1.84,1.84,1.84,1.84,4020,14794
04.02.2009,1.95,1.95,1.87,1.93,5757,22146
03.02.2009,2.00,2.00,1.95,1.95,9100,36390
02.02.2009,2.06,2.06,2.06,2.06,1000,4120
29.01.2009,2.12,2.12,2.06,2.06,4110,17115
28.01.2009,2.13,2.13,2.13,2.13,478,2036
27.01.2009,2.15,2.15,2.15,2.15,200,860
26.01.2009,2.24,2.24,2.17,2.17,6262,27350
23.01.2009,2.25,2.25,2.25,2.25,2,9
22.01.2009,2.21,2.21,2.21,2.21,2,9
21.01.2009,2.15,2.21,2.15,2.21,1527,6568
20.01.2009,2.25,2.25,2.25,2.25,185,833
19.01.2009,2.20,2.25,2.19,2.25,6030,26658
16.01.2009,2.11,2.15,2.11,2.15,68,292
15.01.2009,2.09,2.10,2.09,2.10,570,2389
14.01.2009,2.20,2.20,2.20,2.20,1,4
13.01.2009,2.19,2.19,2.17,2.17,765,3320
12.01.2009,2.15,2.19,2.15,2.19,3858,16879
09.01.2009,2.15,2.17,2.15,2.15,2687,11578
08.01.2009,2.14,2.14,2.14,2.14,900,3852
07.01.2009,2.17,2.20,2.17,2.20,303,1328
06.01.2009,2.17,2.17,2.17,2.17,1626,7057
05.01.2009,2.21,2.21,2.21,2.21,283,1251
31.12.2008,2.26,2.38,2.26,2.26,353,1636
30.12.2008,2.50,2.50,2.38,2.38,7217,34701
29.12.2008,2.55,2.59,2.50,2.50,1449,7373
23.12.2008,2.55,2.58,2.54,2.55,3223,16384
22.12.2008,2.72,2.72,2.61,2.61,3132,16592
19.12.2008,2.80,2.80,2.72,2.72,5440,30022
18.12.2008,2.93,2.93,2.93,2.93,724,4243
17.12.2008,3.00,3.00,3.00,3.00,3500,21000
16.12.2008,3.25,3.25,3.09,3.09,939,5957
15.12.2008,3.22,3.22,3.14,3.22,2680,17223
12.12.2008,3.15,3.30,3.15,3.30,125,818
11.12.2008,3.20,3.30,3.15,3.30,280,1800
10.12.2008,3.15,3.20,3.15,3.20,467,2952
09.12.2008,3.10,3.10,3.10,3.10,346,2145
08.12.2008,3.34,3.34,3.18,3.18,1817,11829
05.12.2008,3.28,3.28,3.27,3.27,360,2357
04.12.2008,3.38,3.38,3.38,3.38,2007,13567
03.12.2008,3.47,3.85,3.47,3.48,7430,53889
02.12.2008,3.60,3.62,3.60,3.62,575,4144
01.12.2008,3.61,3.61,3.61,3.61,2100,15162
28.11.2008,3.80,3.80,3.70,3.70,2210,16556
27.11.2008,3.80,3.80,3.70,3.70,2141,16267
26.11.2008,3.85,3.85,3.85,3.85,32,246
25.11.2008,3.90,4.00,3.90,3.90,112,878
24.11.2008,3.90,3.90,3.90,3.90,15,117
21.11.2008,3.89,3.89,3.89,3.89,117,910
20.11.2008,3.70,3.80,3.70,3.80,114,866
19.11.2008,3.80,3.80,3.80,3.80,1114,8466
18.11.2008,3.90,4.00,3.90,3.90,1642,12836
17.11.2008,4.15,4.15,4.00,4.00,1667,13339
14.11.2008,3.97,4.15,3.97,4.15,652,5187
13.11.2008,4.15,4.15,4.15,4.15,10,83
12.11.2008,4.08,4.15,4.08,4.15,564,4631
10.11.2008,3.98,4.18,3.98,4.18,2356,18925
07.11.2008,4.10,4.10,4.00,4.08,1903,15230
06.11.2008,4.20,4.20,4.20,4.20,25,210
05.11.2008,4.10,4.10,3.91,4.08,1007,8256
04.11.2008,3.95,4.09,3.91,4.09,632,4971
03.11.2008,4.07,4.07,3.86,3.95,3698,29583
31.10.2008,4.11,4.11,4.10,4.10,1835,15055
30.10.2008,4.16,4.29,4.16,4.29,110,942
29.10.2008,4.36,4.39,4.20,4.30,2213,18839
28.10.2008,4.40,4.49,4.40,4.49,20,179
27.10.2008,4.50,4.55,4.38,4.50,3551,31794
24.10.2008,4.70,4.70,4.56,4.56,6263,57577
23.10.2008,4.75,5.05,4.60,5.05,6730,65544
22.10.2008,4.90,4.95,4.65,4.95,3871,37157
21.10.2008,5.03,5.03,4.85,4.85,1552,15055
20.10.2008,5.01,5.06,4.88,5.06,17683,173152
17.10.2008,5.11,5.11,4.85,5.01,3054,30405
16.10.2008,4.95,5.24,4.75,5.24,5495,54143
15.10.2008,5.19,5.20,4.95,5.20,1570,15558
14.10.2008,4.97,5.24,4.90,5.24,4489,45224
13.10.2008,5.00,5.00,4.85,4.95,3430,33794
10.10.2008,5.00,5.00,4.80,5.00,626,6140
09.10.2008,5.25,5.25,5.00,5.25,2439,25013
08.10.2008,4.90,5.25,4.75,5.25,6408,64352
07.10.2008,5.15,5.30,5.13,5.13,1283,13204
06.10.2008,5.05,5.29,5.00,5.26,3130,31773
03.10.2008,5.40,5.40,5.20,5.35,534,5676
02.10.2008,5.22,5.40,5.12,5.40,1067,11233
01.10.2008,4.91,5.25,4.91,5.25,2005,20172
30.09.2008,4.90,5.17,4.44,5.17,3234,30909
24.09.2008,5.15,5.20,5.15,5.20,199,2066
22.09.2008,5.25,5.25,4.81,5.20,784,8188
19.09.2008,5.00,5.00,4.73,5.00,1138,11279
18.09.2008,5.13,5.13,5.13,5.13,94,964
16.09.2008,4.70,5.20,4.70,5.20,75,707
15.09.2008,4.90,5.00,4.70,4.71,1227,11889
12.09.2008,4.91,5.10,4.91,5.10,51,502
11.09.2008,5.24,5.24,4.90,5.24,132,1365
10.09.2008,4.95,4.95,4.90,4.95,1201,11780
09.09.2008,5.00,5.00,5.00,5.00,206,2060
08.09.2008,5.05,5.25,4.95,5.25,437,4361
05.09.2008,5.05,5.28,5.05,5.28,23,234
04.09.2008,5.30,5.30,5.30,5.30,789,8363
02.09.2008,5.00,5.39,5.00,5.39,4014,40491
28.08.2008,5.43,5.43,5.43,5.43,10,109
27.08.2008,5.00,5.35,5.00,5.35,615,6484
26.08.2008,5.35,5.35,5.35,5.35,178,1905
25.08.2008,5.42,5.43,5.42,5.43,192,2084
22.08.2008,5.03,5.38,5.03,5.38,150,1544
21.08.2008,5.41,5.41,5.41,5.41,200,2164
20.08.2008,5.01,5.42,5.01,5.42,34,343
18.08.2008,5.30,5.44,5.30,5.44,80,858
14.08.2008,5.29,5.33,5.29,5.30,1530,16221
13.08.2008,5.30,5.30,5.30,5.30,130,1378
12.08.2008,4.96,5.30,4.96,5.30,982,10244
11.08.2008,5.00,5.30,5.00,5.30,46,463
07.08.2008,5.30,5.33,4.97,5.32,410,4323
06.08.2008,5.25,5.25,5.00,5.02,2073,20845
05.08.2008,5.00,5.39,5.00,5.32,2904,29367
04.08.2008,5.10,5.24,5.00,5.00,1101,11070
01.08.2008,5.02,5.43,4.99,5.43,6420,64228
31.07.2008,5.40,5.48,5.40,5.48,547,5972
30.07.2008,5.26,5.44,5.13,5.40,1472,15204
29.07.2008,5.00,5.00,4.97,4.98,1641,16372
28.07.2008,5.25,5.27,4.95,5.27,416,4262
25.07.2008,5.29,5.29,5.24,5.25,428,4506
24.07.2008,5.06,5.34,5.06,5.34,122,1237
23.07.2008,4.60,5.06,4.60,5.06,1880,18958
22.07.2008,5.06,5.06,5.05,5.05,550,5562
21.07.2008,5.27,5.27,5.16,5.16,739,7670
18.07.2008,5.20,5.27,5.20,5.27,500,5260
17.07.2008,5.05,5.38,5.05,5.38,210,2128
16.07.2008,5.10,5.15,5.10,5.15,1339,13658
15.07.2008,5.16,5.20,5.15,5.15,5289,54589
14.07.2008,5.21,5.21,5.20,5.20,1070,11131
11.07.2008,5.20,5.38,5.16,5.20,1284,13352
10.07.2008,5.40,5.40,5.40,5.40,150,1620
09.07.2008,5.08,5.40,5.08,5.39,6017,63766
08.07.2008,5.40,5.40,5.17,5.18,984,10233
07.07.2008,5.43,5.45,5.43,5.45,200,2177
04.07.2008,6.46,6.46,5.27,5.49,3546,37893
03.07.2008,5.80,6.18,5.29,5.30,439,4766
02.07.2008,6.10,6.37,5.80,6.37,970,11712
01.07.2008,6.52,6.55,6.50,6.50,748,9766
30.06.2008,7.08,7.08,6.30,6.80,1079,14411
27.06.2008,7.30,7.69,7.30,7.48,776,11376
26.06.2008,7.31,7.99,7.31,7.89,297,4519
25.06.2008,8.45,8.49,7.80,8.19,1688,27042
24.06.2008,8.50,8.50,8.01,8.49,173,2798
20.06.2008,8.50,8.59,8.50,8.59,353,6048
19.06.2008,8.08,8.60,8.08,8.60,104,1683
18.06.2008,8.65,8.65,8.65,8.65,76,1315
17.06.2008,8.40,8.80,8.40,8.80,12,206
16.06.2008,8.40,8.84,8.40,8.84,903,15345
12.06.2008,9.00,9.00,7.52,8.91,567,9386
11.06.2008,7.92,8.00,7.90,7.90,913,14452
10.06.2008,8.30,8.30,8.00,8.00,542,8692
09.06.2008,8.91,8.91,8.91,8.91,207,3689
06.06.2008,8.50,8.99,8.50,8.99,74,1307
05.06.2008,9.23,9.23,8.61,8.90,170,2991
04.06.2008,9.24,9.24,8.50,9.17,483,8434
03.06.2008,9.25,9.25,8.95,9.25,235,4215
02.06.2008,9.25,9.25,8.40,9.00,13,231
30.05.2008,9.25,9.25,9.00,9.25,979,18043
29.05.2008,9.25,9.25,9.00,9.25,602,11080
28.05.2008,9.00,9.25,9.00,9.25,433,7841
27.05.2008,9.01,9.28,9.01,9.28,526,9523
26.05.2008,9.09,9.09,9.09,9.09,180,3272
23.05.2008,9.44,9.44,9.44,9.44,1,19
21.05.2008,8.61,8.90,8.30,8.90,430,7379
20.05.2008,8.62,8.62,8.61,8.61,179,3085
19.05.2008,8.89,8.89,8.61,8.75,1092,18968
16.05.2008,9.00,9.00,9.00,9.00,203,3654
15.05.2008,9.30,9.30,8.61,9.00,1067,19120
14.05.2008,9.20,9.20,9.20,9.20,136,2502
13.05.2008,9.80,9.80,9.80,9.80,10,196
12.05.2008,9.07,9.47,8.99,9.47,4305,77544
09.05.2008,9.80,9.90,9.15,9.80,453,8480
08.05.2008,9.88,9.88,9.88,9.88,80,1581
07.05.2008,9.50,10.00,9.04,9.80,245,4656
06.05.2008,8.70,9.00,8.70,9.00,1043,18656
05.05.2008,8.89,8.89,8.61,8.85,765,13389
30.04.2008,9.35,9.35,8.70,8.88,3136,56299
29.04.2008,9.30,9.35,9.25,9.35,1511,28110
28.04.2008,10.19,10.19,10.19,10.19,13,265
25.04.2008,10.05,10.19,10.05,10.19,291,5914
24.04.2008,9.88,10.31,9.88,10.25,309,6322
23.04.2008,9.50,9.50,8.70,9.40,1686,30578
22.04.2008,9.75,10.30,9.51,9.51,1836,36026
21.04.2008,10.13,10.30,9.70,10.30,1703,33728
18.04.2008,10.21,10.24,9.90,10.23,411,8350
16.04.2008,9.81,10.31,9.81,10.31,468,9258
15.04.2008,9.91,10.30,9.60,10.30,3351,66037
14.04.2008,10.11,10.44,10.11,10.44,245,5027
11.04.2008,10.26,10.29,10.05,10.29,1058,21406
10.04.2008,10.56,10.56,10.26,10.28,510,10587
09.04.2008,10.26,10.56,10.26,10.56,15,311
04.04.2008,10.68,10.68,10.20,10.65,281,5745
03.04.2008,10.25,10.25,10.22,10.22,203,4161
02.04.2008,10.33,10.33,10.30,10.30,524,10807
31.03.2008,10.50,10.86,10.50,10.86,63,1325
28.03.2008,10.41,10.92,10.20,10.89,2227,46165
27.03.2008,10.31,11.08,10.31,10.99,560,11847
26.03.2008,10.95,10.95,10.95,10.95,90,1971
25.03.2008,10.20,10.95,10.20,10.95,654,13479
19.03.2008,10.95,10.95,10.87,10.90,403,8774
18.03.2008,10.25,10.85,10.25,10.85,6,124
17.03.2008,11.29,11.29,10.20,10.90,513,10535
14.03.2008,10.92,11.20,10.50,11.00,260,5511
13.03.2008,10.50,10.50,10.50,10.50,100,2100
12.03.2008,10.50,10.99,10.15,10.94,425,9159
11.03.2008,10.40,10.50,10.40,10.50,492,10326
10.03.2008,10.39,10.50,10.30,10.50,511,10644
07.03.2008,10.30,10.30,10.10,10.10,526,10733
06.03.2008,10.98,10.98,10.05,10.10,1238,25288
05.03.2008,10.12,10.99,10.01,10.98,686,13988
04.03.2008,11.58,11.58,10.31,10.31,2563,56282
03.03.2008,10.00,11.79,9.98,10.01,1960,39766
29.02.2008,11.70,11.70,10.50,10.50,266,5744
28.02.2008,11.50,11.76,11.50,11.76,152,3499
27.02.2008,11.80,11.80,11.10,11.55,1093,24284
26.02.2008,11.70,11.70,11.05,11.12,293,6500
25.02.2008,11.49,11.85,11.49,11.85,12,278
22.02.2008,11.05,11.90,11.05,11.50,224,5101
21.02.2008,11.14,11.50,11.05,11.49,297,6716
20.02.2008,11.45,11.45,11.10,11.20,429,9621
19.02.2008,11.22,11.45,11.21,11.21,410,9243
18.02.2008,11.21,11.82,11.21,11.82,18,422
15.02.2008,11.51,11.60,11.51,11.60,6015,139545
14.02.2008,11.99,11.99,11.50,11.83,617,14296
13.02.2008,12.00,12.00,11.15,11.49,1413,32289
12.02.2008,12.02,12.02,12.00,12.00,208,4992
11.02.2008,11.56,12.10,11.56,11.97,38,910
08.02.2008,11.50,12.00,11.50,12.00,476,10971
07.02.2008,12.10,12.10,11.57,12.00,8147,191724
06.02.2008,11.57,12.00,11.57,11.98,40228,945285
05.02.2008,11.79,12.19,11.79,12.00,6851,164357
04.02.2008,11.80,11.80,11.50,11.79,229,5311
01.02.2008,11.80,11.80,11.30,11.40,735,16993
31.01.2008,11.11,11.94,11.11,11.94,97,2157
30.01.2008,12.00,12.00,11.61,11.99,637,14979
29.01.2008,11.50,12.00,11.05,11.99,1686,39697
28.01.2008,11.76,11.76,11.01,11.45,768,17170
25.01.2008,11.80,11.80,11.19,11.79,1341,30990
24.01.2008,11.84,11.84,11.12,11.40,640,14510
23.01.2008,11.33,11.33,11.00,11.19,2794,61857
22.01.2008,10.00,10.50,9.52,10.50,4697,95727
21.01.2008,11.80,11.90,10.50,10.50,7090,149870
18.01.2008,10.61,11.48,10.60,11.10,12463,272865
17.01.2008,10.51,11.00,10.40,10.99,1751,37479
16.01.2008,11.22,11.90,10.20,10.35,4457,95939
15.01.2008,11.86,12.30,11.86,11.90,1650,39491
14.01.2008,12.00,12.29,12.00,12.24,5581,133949
11.01.2008,12.30,12.30,12.00,12.20,1293,31048
10.01.2008,11.82,12.30,11.82,12.18,352,8514
09.01.2008,12.30,12.69,12.30,12.50,27932,698459
08.01.2008,12.30,12.33,12.30,12.33,3405,83782
07.01.2008,12.20,12.58,11.82,12.45,2979,71752
04.01.2008,12.20,12.60,12.20,12.60,302,7454
03.01.2008,12.02,12.93,12.02,12.93,1557,39173
02.01.2008,12.18,12.82,12.18,12.63,2846,71890
28.12.2007,12.52,12.52,11.52,11.75,10841,260069
27.12.2007,12.50,12.60,12.50,12.59,1901,47854
21.12.2007,12.71,12.71,12.07,12.19,13714,340579
20.12.2007,12.84,13.00,12.60,12.75,9544,244770
19.12.2007,12.96,12.96,12.88,12.96,6279,162026
18.12.2007,12.91,13.10,12.91,13.01,37381,969083
17.12.2007,12.79,13.05,12.79,13.00,54206,1409398
14.12.2007,12.51,12.99,12.20,12.99,26518,680527
13.12.2007,12.81,12.81,12.51,12.51,5718,145258
12.12.2007,12.95,12.95,12.81,12.95,1348,34625
11.12.2007,13.00,13.06,12.90,13.00,11910,309679
10.12.2007,12.70,13.01,12.70,13.00,11501,299027
07.12.2007,12.55,12.94,12.55,12.70,2871,72348
06.12.2007,12.81,13.00,12.50,13.00,6447,165311
05.12.2007,12.98,12.98,12.12,12.98,3482,89171
04.12.2007,13.00,13.00,12.93,12.93,811,21049
03.12.2007,13.05,13.10,12.99,13.10,759,19813
30.11.2007,13.30,13.35,13.00,13.35,5636,148914
29.11.2007,13.00,13.20,13.00,13.20,335,8811
28.11.2007,13.00,13.05,13.00,13.05,805,20996
27.11.2007,12.95,13.00,12.95,13.00,12922,335970
26.11.2007,12.68,13.00,12.68,13.00,1617,41074
23.11.2007,12.99,13.00,12.99,13.00,4784,124364
22.11.2007,12.50,13.05,12.50,13.00,25538,662223
21.11.2007,13.00,13.01,12.90,13.00,62857,1634212
20.11.2007,12.90,13.05,12.02,13.05,21664,562229
19.11.2007,12.70,13.00,12.70,13.00,6450,167572
16.11.2007,12.49,12.69,12.49,12.69,13109,327746
15.11.2007,12.02,12.64,12.02,12.50,31416,785079
14.11.2007,13.15,13.35,12.50,12.85,5563,141634
13.11.2007,13.19,13.19,12.50,12.70,4817,121616
12.11.2007,12.99,12.99,12.50,12.70,22761,569405
09.11.2007,12.50,12.99,12.50,12.99,8679,219657
08.11.2007,12.00,13.13,11.13,12.30,15967,387158
07.11.2007,13.30,13.50,12.34,12.50,6477,167488
06.11.2007,14.39,14.39,13.23,14.23,4445,119290
05.11.2007,14.22,14.40,14.01,14.40,2781,78898
02.11.2007,14.22,14.50,14.22,14.50,799,22933
31.10.2007,14.43,14.88,14.22,14.88,1534,44419
30.10.2007,14.54,14.66,14.50,14.50,2015,58471
29.10.2007,14.80,14.99,14.65,14.99,4925,146782
26.10.2007,14.60,14.95,14.44,14.95,3479,102991
25.10.2007,14.70,15.00,14.65,14.95,3052,90594
24.10.2007,15.00,15.00,14.50,14.60,2448,71761
23.10.2007,14.59,15.00,14.22,15.00,4829,142234
22.10.2007,14.37,14.80,14.18,14.59,3846,110579
19.10.2007,15.10,15.10,14.21,15.00,7999,235558
18.10.2007,15.35,15.35,14.91,15.09,2667,81154
17.10.2007,14.81,15.29,14.52,15.29,5001,151308
16.10.2007,14.80,15.40,14.80,15.20,7987,241043
15.10.2007,13.50,15.60,13.41,14.80,27568,793584
12.10.2007,13.30,13.50,13.25,13.50,12614,338421
11.10.2007,13.20,13.46,13.20,13.46,5416,143839
10.10.2007,12.71,13.20,12.71,13.19,9990,259593
09.10.2007,12.51,12.70,12.51,12.70,1932,48948
08.10.2007,12.65,12.65,12.60,12.65,6573,165804
05.10.2007,12.40,12.69,12.33,12.59,1793,44699
04.10.2007,12.50,12.70,12.50,12.55,5361,134614
03.10.2007,12.49,12.52,12.44,12.52,12748,317733
02.10.2007,12.12,12.49,12.12,12.43,8282,203447
01.10.2007,12.40,12.40,12.12,12.24,854,20920
28.09.2007,12.71,12.71,12.12,12.47,6147,151823
27.09.2007,12.35,12.69,12.35,12.67,26880,677138
26.09.2007,12.29,12.35,12.03,12.35,5458,134547
25.09.2007,12.08,12.28,12.00,12.28,18637,449735
24.09.2007,12.16,12.34,12.07,12.24,11943,290963
21.09.2007,12.24,12.28,12.15,12.28,2090,51143
20.09.2007,12.25,12.25,12.05,12.24,16438,402268
19.09.2007,12.30,12.31,12.15,12.15,6849,168143
18.09.2007,12.00,12.29,12.00,12.15,836,20277
17.09.2007,12.15,12.15,12.01,12.01,1966,47338
14.09.2007,12.40,12.40,12.01,12.15,1285,31212
13.09.2007,12.02,12.20,12.01,12.07,1393,33619
12.09.2007,12.20,12.40,12.01,12.40,5596,136078
11.09.2007,12.16,12.41,12.16,12.40,1252,30617
10.09.2007,12.35,12.40,12.10,12.40,4299,105972
07.09.2007,13.06,13.06,12.50,12.50,4110,103351
06.09.2007,12.80,13.30,12.62,12.80,873,22426
05.09.2007,13.10,13.34,12.83,12.83,18342,477829
04.09.2007,13.24,13.24,13.05,13.10,3976,104022
03.09.2007,13.30,13.40,13.10,13.35,1892,50363
31.08.2007,13.00,13.40,12.81,13.40,1453,38202
30.08.2007,13.89,13.91,12.87,13.30,10939,296013
29.08.2007,12.40,13.45,12.35,13.45,9695,249109
28.08.2007,13.91,13.91,13.41,13.61,4321,117102
27.08.2007,12.50,13.97,12.50,13.91,22801,613613
24.08.2007,12.26,12.70,12.15,12.70,10050,249302
23.08.2007,12.38,12.92,11.90,12.70,6508,162195
22.08.2007,11.80,12.20,11.80,12.18,6969,167961
21.08.2007,11.96,11.96,11.31,11.78,21803,509409
20.08.2007,12.36,12.37,11.86,11.86,20339,485051
17.08.2007,11.00,11.90,10.46,11.83,8926,193111
16.08.2007,12.55,13.49,11.01,11.22,14420,342646
14.08.2007,15.08,15.08,13.98,13.98,1698,48317
13.08.2007,13.53,14.70,13.53,14.50,7978,230476
10.08.2007,15.10,15.10,13.80,14.00,10089,295247
09.08.2007,15.13,15.65,15.13,15.50,2310,71001
08.08.2007,16.05,16.05,15.27,15.70,3496,110772
07.08.2007,15.75,15.90,15.50,15.60,1243,38929
06.08.2007,15.89,15.89,15.10,15.45,5024,156073
03.08.2007,16.10,16.15,16.10,16.10,995,32060
02.08.2007,16.50,16.50,15.89,16.30,5545,179291
01.08.2007,16.60,16.60,15.91,16.40,4664,152825
31.07.2007,16.50,16.80,16.30,16.80,17502,578836
30.07.2007,15.80,16.50,15.45,16.50,13930,438430
27.07.2007,16.00,16.00,15.67,15.88,8862,279418
26.07.2007,16.10,16.25,16.00,16.10,6687,215220
25.07.2007,16.10,16.40,16.05,16.15,9516,307745
24.07.2007,16.80,16.85,16.48,16.48,3924,131136
23.07.2007,17.25,17.25,16.80,16.89,2730,92714
20.07.2007,17.25,17.50,17.00,17.00,4115,141660
19.07.2007,17.50,17.78,17.21,17.23,8005,279718
18.07.2007,17.30,17.30,17.05,17.25,8434,291434
17.07.2007,17.00,17.19,16.48,17.00,17103,568940
16.07.2007,17.50,17.51,16.60,16.99,10535,358169
13.07.2007,18.00,18.30,17.51,17.74,9194,326805
12.07.2007,18.50,18.60,17.50,17.80,11120,403699
11.07.2007,19.00,19.00,18.50,18.60,12792,476185
