Date,Open,Max,Min,Close,Volume,TradeSize
02.11.2018,7.12,7.14,6.98,7.08,6113,42908
31.10.2018,7.00,7.10,7.00,7.10,718,5036
30.10.2018,7.02,7.08,7.00,7.08,1963,13755
29.10.2018,7.00,7.10,6.96,7.10,2850,19986
26.10.2018,7.00,7.06,7.00,7.06,1987,13918
25.10.2018,7.06,7.12,7.00,7.12,6872,48194
24.10.2018,7.06,7.16,7.06,7.16,701,4994
23.10.2018,7.16,7.18,7.00,7.16,5268,37353
22.10.2018,7.18,7.18,7.10,7.18,2792,19892
19.10.2018,7.12,7.18,7.10,7.18,1487,10571
18.10.2018,7.10,7.18,7.10,7.18,4910,34912
17.10.2018,7.18,7.20,7.08,7.18,9363,66573
16.10.2018,7.14,7.30,7.08,7.18,21835,155817
15.10.2018,7.20,7.34,7.10,7.26,13835,99403
12.10.2018,7.08,7.18,7.08,7.18,5139,36455
11.10.2018,7.20,7.20,7.10,7.18,4277,30422
10.10.2018,7.16,7.22,7.06,7.16,20092,143107
09.10.2018,7.16,7.24,7.08,7.14,33059,235859
08.10.2018,7.30,7.30,7.12,7.14,19913,143633
05.10.2018,7.14,7.46,7.06,7.20,13382,95703
04.10.2018,7.36,7.48,7.10,7.14,13363,96374
03.10.2018,7.34,7.48,7.34,7.36,11132,82249
02.10.2018,7.08,7.30,7.06,7.30,3335,23673
01.10.2018,7.20,7.30,7.00,7.28,4757,34061
28.09.2018,7.22,7.24,7.08,7.24,3067,22017
27.09.2018,7.20,7.24,7.18,7.20,1011,7279
26.09.2018,7.10,7.28,7.10,7.22,881,6288
25.09.2018,7.28,7.28,7.02,7.18,5846,42106
24.09.2018,7.28,7.36,7.28,7.30,2062,15058
21.09.2018,7.40,7.40,7.10,7.30,2552,18299
20.09.2018,7.20,7.30,7.20,7.30,1341,9759
19.09.2018,7.38,7.42,7.22,7.22,8847,64808
18.09.2018,7.06,7.50,6.90,7.26,27748,198016
17.09.2018,7.18,7.18,6.96,6.96,16141,113055
14.09.2018,7.10,7.30,7.00,7.24,5901,41631
13.09.2018,7.16,7.30,6.98,7.30,19240,135628
12.09.2018,7.18,7.18,7.00,7.10,8668,60809
11.09.2018,7.04,7.20,7.00,7.16,12213,85916
10.09.2018,7.20,7.20,7.00,7.18,7116,50269
07.09.2018,7.24,7.24,7.06,7.20,5751,41051
06.09.2018,7.34,7.40,7.20,7.20,5451,39700
05.09.2018,7.20,7.36,7.10,7.34,3071,22154
04.09.2018,7.34,7.34,7.20,7.34,2262,16427
03.09.2018,7.30,7.40,7.28,7.38,1923,14055
31.08.2018,7.40,7.40,7.20,7.32,3269,23945
30.08.2018,7.40,7.44,7.36,7.44,3327,24613
29.08.2018,7.46,7.46,7.38,7.40,5163,38254
28.08.2018,7.42,7.50,7.40,7.40,1723,12807
27.08.2018,7.44,7.50,7.32,7.50,12855,95346
24.08.2018,7.50,7.50,7.48,7.48,274,2052
23.08.2018,7.60,7.60,7.46,7.50,2295,17332
22.08.2018,7.40,7.70,7.40,7.70,5636,42466
21.08.2018,7.40,7.50,7.38,7.48,9346,69728
20.08.2018,7.48,7.60,7.40,7.40,9396,70188
17.08.2018,7.60,7.70,7.50,7.50,7161,53782
16.08.2018,7.80,7.80,7.60,7.72,224,1716
14.08.2018,7.70,7.70,7.54,7.60,1338,10132
10.08.2018,7.62,7.70,7.62,7.70,3028,23168
09.08.2018,7.70,7.80,7.50,7.74,7851,59936
08.08.2018,7.80,7.80,7.70,7.74,1339,10366
07.08.2018,7.76,7.96,7.72,7.72,2413,18987
06.08.2018,7.80,7.80,7.80,7.80,130,1014
03.08.2018,7.94,7.94,7.78,7.94,323,2555
02.08.2018,7.92,7.94,7.80,7.94,1744,13758
01.08.2018,7.90,7.96,7.90,7.92,975,7715
31.07.2018,7.88,7.98,7.74,7.92,6955,55186
30.07.2018,7.90,7.96,7.86,7.96,4210,33300
27.07.2018,7.98,7.98,7.74,7.90,9745,76906
26.07.2018,7.96,7.98,7.70,7.88,6256,49088
25.07.2018,7.88,7.96,7.88,7.96,722,5701
24.07.2018,8.00,8.00,8.00,8.00,80,640
23.07.2018,7.50,8.00,7.50,8.00,9721,75757
20.07.2018,7.50,7.56,7.40,7.56,1537,11510
19.07.2018,7.48,7.56,7.48,7.56,20438,153223
18.07.2018,7.50,7.50,7.42,7.42,500,3730
17.07.2018,7.46,7.48,7.38,7.48,511,3800
16.07.2018,7.44,7.50,7.44,7.50,215,1606
13.07.2018,7.40,7.48,7.34,7.48,4346,32092
12.07.2018,7.44,7.50,7.40,7.46,2628,19546
11.07.2018,7.40,7.44,7.36,7.44,3885,28710
10.07.2018,7.48,7.48,7.32,7.40,4607,34031
09.07.2018,7.54,7.56,7.54,7.56,144,1087
06.07.2018,7.62,7.62,7.50,7.58,2561,19213
05.07.2018,7.46,7.66,7.46,7.50,2804,21102
04.07.2018,8.02,8.04,7.90,8.00,9730,77420
03.07.2018,8.04,8.06,8.00,8.04,90721,725777
02.07.2018,8.10,8.10,7.90,8.00,7006,56155
29.06.2018,7.80,7.90,7.80,7.86,18156,141677
28.06.2018,7.96,8.04,7.74,7.80,23965,187693
27.06.2018,8.02,8.02,7.94,8.00,2680,21429
26.06.2018,8.04,8.06,8.00,8.00,16666,133637
25.06.2018,8.02,8.10,8.02,8.02,3515,28286
22.06.2018,8.14,8.14,8.02,8.02,4710,37904
21.06.2018,8.10,8.14,8.10,8.14,1639,13305
20.06.2018,7.84,8.14,7.84,8.14,2087,16606
19.06.2018,7.82,7.82,7.70,7.80,7568,58598
18.06.2018,8.10,8.10,7.58,7.74,16998,133162
15.06.2018,8.18,8.18,8.06,8.14,731,5900
14.06.2018,8.14,8.14,8.14,8.14,230,1872
13.06.2018,8.02,8.14,8.00,8.14,842,6759
12.06.2018,8.02,8.02,8.00,8.02,782,6268
11.06.2018,8.00,8.02,8.00,8.00,769,6154
08.06.2018,8.10,8.10,8.00,8.00,1632,13085
07.06.2018,8.14,8.14,8.08,8.08,940,7627
06.06.2018,8.16,8.16,8.02,8.10,2853,23081
05.06.2018,8.00,8.18,7.92,8.18,1518,12035
04.06.2018,8.16,8.16,8.00,8.00,10241,82629
01.06.2018,8.12,8.16,8.04,8.16,350,2844
30.05.2018,8.18,8.20,8.06,8.10,1592,12960
29.05.2018,8.20,8.20,7.90,8.08,15049,120350
28.05.2018,8.08,8.20,8.02,8.20,2928,23531
25.05.2018,8.14,8.14,7.92,8.06,9769,78039
24.05.2018,8.30,8.30,7.86,8.08,12236,97978
23.05.2018,8.42,8.44,8.30,8.36,2157,17994
22.05.2018,8.40,8.44,8.30,8.42,8078,67602
21.05.2018,8.30,8.40,8.26,8.40,4113,34259
18.05.2018,8.40,8.42,8.20,8.40,1830,15126
17.05.2018,8.16,8.46,8.16,8.42,8230,67937
16.05.2018,8.62,8.62,8.20,8.20,105436,872914
15.05.2018,8.60,8.68,8.58,8.62,9672,83508
14.05.2018,8.48,8.76,8.48,8.64,39697,340828
11.05.2018,8.40,8.44,8.26,8.44,16728,140221
10.05.2018,8.26,8.38,8.20,8.38,22668,188775
09.05.2018,8.10,8.26,8.04,8.26,61229,499110
08.05.2018,8.00,8.12,7.94,8.12,50667,408303
07.05.2018,7.70,8.12,7.56,8.00,99432,794190
04.05.2018,7.40,7.66,7.38,7.64,16828,126537
02.05.2018,7.42,7.50,6.92,7.20,73118,524859
30.04.2018,7.52,7.58,7.30,7.56,5919,43853
27.04.2018,7.58,7.58,7.40,7.52,3177,23701
26.04.2018,7.60,7.60,7.34,7.60,9914,74313
25.04.2018,7.40,7.72,7.40,7.60,7502,57272
24.04.2018,7.36,7.58,7.34,7.44,3215,23795
23.04.2018,7.50,7.60,7.32,7.46,9724,72876
20.04.2018,7.42,7.42,7.22,7.40,5269,38560
19.04.2018,7.40,7.44,7.40,7.44,1990,14750
18.04.2018,7.32,7.42,7.32,7.42,490,3609
17.04.2018,7.44,7.46,7.34,7.34,2573,18983
16.04.2018,7.32,7.44,7.32,7.44,9121,67114
13.04.2018,7.28,7.44,7.28,7.44,3786,27913
12.04.2018,7.44,7.44,7.26,7.44,2287,16752
11.04.2018,7.40,7.50,7.28,7.50,2681,19683
10.04.2018,7.50,7.50,7.22,7.46,8935,66326
09.04.2018,7.48,7.60,7.40,7.44,4036,30060
06.04.2018,7.54,7.54,7.44,7.48,4354,32589
05.04.2018,7.62,7.62,7.50,7.50,6229,47058
04.04.2018,7.60,7.74,7.50,7.66,11837,89967
03.04.2018,7.36,7.60,7.26,7.60,20427,152353
29.03.2018,7.38,7.38,7.04,7.36,9515,68583
28.03.2018,7.46,7.50,7.40,7.40,44726,333238
27.03.2018,7.44,7.54,7.44,7.48,13073,97682
26.03.2018,7.50,7.54,7.44,7.54,3576,26684
23.03.2018,7.44,7.50,7.44,7.50,6095,45366
22.03.2018,7.50,7.56,7.44,7.50,4858,36445
21.03.2018,7.44,7.56,7.44,7.56,7408,55369
20.03.2018,7.48,7.58,7.44,7.48,20808,155825
19.03.2018,7.44,7.48,7.44,7.48,4527,33691
16.03.2018,7.40,7.44,7.40,7.44,10682,79071
15.03.2018,7.38,7.40,7.34,7.40,12562,92653
14.03.2018,7.26,7.36,7.24,7.36,18919,138447
13.03.2018,7.14,7.30,7.14,7.24,39586,286872
12.03.2018,7.02,7.24,7.00,7.24,20525,145976
09.03.2018,6.94,7.02,6.90,7.02,6208,43223
08.03.2018,6.98,7.00,6.92,6.98,1812,12599
07.03.2018,6.98,7.00,6.90,6.98,5744,39844
06.03.2018,7.04,7.04,6.74,7.00,34215,235554
05.03.2018,7.04,7.04,6.88,7.04,23962,166404
02.03.2018,7.00,7.04,6.92,7.04,23772,166007
01.03.2018,6.92,7.04,6.78,7.04,28751,197080
28.02.2018,6.98,7.04,6.84,7.04,24471,169014
27.02.2018,6.88,7.04,6.84,7.04,33392,229718
26.02.2018,7.32,7.32,6.88,6.88,50416,351256
23.02.2018,7.10,7.34,7.02,7.34,50750,360126
22.02.2018,7.06,7.32,6.98,7.10,28595,202373
21.02.2018,7.20,7.30,7.02,7.24,39850,281539
20.02.2018,7.16,7.38,7.12,7.20,96609,692646
19.02.2018,7.20,7.30,7.10,7.16,63025,450138
16.02.2018,7.18,7.36,7.10,7.10,6263,44550
15.02.2018,7.38,7.44,7.10,7.20,18024,131386
14.02.2018,7.26,7.36,7.26,7.36,7680,56126
13.02.2018,7.20,7.30,7.20,7.30,1854,13421
12.02.2018,7.18,7.30,7.06,7.26,3605,25813
09.02.2018,7.04,7.20,6.96,7.18,44748,315562
08.02.2018,7.26,7.26,7.16,7.20,1226,8862
07.02.2018,7.26,7.30,7.08,7.10,6065,43339
06.02.2018,7.18,7.28,7.06,7.14,44108,315129
05.02.2018,7.40,7.48,7.26,7.38,30266,220569
02.02.2018,7.40,7.56,7.40,7.56,555,4120
01.02.2018,7.60,7.60,7.38,7.50,4666,34794
31.01.2018,7.40,7.56,7.40,7.54,9126,67914
30.01.2018,7.40,7.42,7.34,7.40,9792,71943
29.01.2018,7.30,7.46,7.30,7.42,10736,79406
26.01.2018,7.46,7.48,7.28,7.38,55382,407307
25.01.2018,7.62,7.64,7.40,7.50,90574,677460
24.01.2018,7.72,7.72,7.56,7.70,28882,219926
23.01.2018,7.90,8.00,7.60,7.72,47952,371399
22.01.2018,7.98,8.00,7.80,7.92,18406,145171
19.01.2018,8.04,8.10,7.80,8.00,17635,140068
18.01.2018,8.00,8.06,7.86,8.04,6631,52952
17.01.2018,8.04,8.08,7.94,8.00,6218,49604
16.01.2018,8.14,8.14,8.02,8.10,2757,22234
15.01.2018,8.10,8.14,8.08,8.14,2563,20752
12.01.2018,8.08,8.12,8.02,8.12,1675,13520
11.01.2018,8.14,8.14,7.94,8.08,5453,43948
10.01.2018,8.30,8.30,8.12,8.24,6430,52804
09.01.2018,8.34,8.34,8.14,8.30,8045,66568
08.01.2018,8.36,8.40,8.30,8.34,7700,64246
05.01.2018,8.20,8.48,8.20,8.30,18910,157097
04.01.2018,8.00,8.22,7.92,8.20,11912,96772
03.01.2018,7.92,8.00,7.92,8.00,3369,26821
29.12.2017,7.88,7.97,7.87,7.93,1470,11658
28.12.2017,7.71,7.89,7.67,7.87,6175,47990
27.12.2017,7.77,7.83,7.58,7.60,33008,253393
22.12.2017,7.62,7.77,7.35,7.77,44540,339592
21.12.2017,7.62,7.64,7.56,7.60,11915,90492
20.12.2017,7.60,7.70,7.58,7.65,17814,135482
19.12.2017,7.69,7.71,7.59,7.59,34901,265954
18.12.2017,7.65,7.72,7.60,7.71,14955,114348
15.12.2017,7.67,7.72,7.60,7.62,17111,130589
14.12.2017,7.70,7.79,7.63,7.73,26694,205065
13.12.2017,7.70,7.80,7.63,7.78,21313,163382
12.12.2017,7.75,7.80,7.70,7.79,10027,77773
11.12.2017,7.70,7.89,7.50,7.85,30410,232579
08.12.2017,7.79,7.79,7.68,7.75,705,5432
07.12.2017,7.78,7.79,7.78,7.79,770,5998
06.12.2017,7.77,7.81,7.72,7.79,1042,8075
05.12.2017,7.69,7.81,7.69,7.78,24963,192167
04.12.2017,7.66,7.75,7.62,7.69,13384,102341
01.12.2017,7.75,7.75,7.66,7.70,2203,16943
30.11.2017,7.76,7.81,7.62,7.80,6782,52071
29.11.2017,7.90,7.90,7.61,7.86,13891,106873
28.11.2017,7.94,7.95,7.76,7.85,7828,60980
27.11.2017,7.93,7.95,7.80,7.90,4386,34428
24.11.2017,7.95,7.95,7.95,7.95,51,405
23.11.2017,7.94,7.95,7.80,7.95,2078,16265
22.11.2017,7.98,7.99,7.82,7.82,1163,9252
21.11.2017,8.00,8.00,7.90,8.00,2481,19728
20.11.2017,8.04,8.04,7.79,8.00,10191,80666
17.11.2017,8.10,8.11,7.90,8.04,59244,469542
16.11.2017,7.98,8.16,7.98,8.16,3534,28284
15.11.2017,8.13,8.13,8.00,8.00,3679,29669
14.11.2017,8.20,8.22,8.07,8.20,7519,61494
13.11.2017,8.20,8.27,8.20,8.24,2688,22060
10.11.2017,8.18,8.29,8.18,8.20,2663,21808
09.11.2017,8.32,8.32,8.18,8.30,5654,46642
08.11.2017,8.34,8.34,8.20,8.32,2557,21088
07.11.2017,8.34,8.34,8.25,8.34,3688,30461
06.11.2017,8.37,8.37,8.16,8.34,11710,96106
03.11.2017,8.25,8.38,8.20,8.35,3306,27165
02.11.2017,8.30,8.31,8.18,8.30,5371,44090
31.10.2017,8.10,8.25,7.95,8.20,9051,73428
30.10.2017,8.25,8.25,7.99,8.08,6861,55400
27.10.2017,7.91,8.34,7.90,8.00,17666,141955
26.10.2017,8.00,8.00,7.85,8.00,5035,40070
25.10.2017,7.66,8.00,7.66,7.99,9298,72963
24.10.2017,8.01,8.01,7.84,7.84,13120,103605
23.10.2017,8.06,8.07,8.00,8.00,2791,22362
20.10.2017,8.00,8.09,7.95,8.06,17399,138991
19.10.2017,8.15,8.20,7.97,8.08,35844,290130
18.10.2017,8.10,8.21,8.05,8.05,15412,124987
17.10.2017,8.24,8.30,8.10,8.10,10046,82615
16.10.2017,8.40,8.40,8.23,8.29,3982,32926
13.10.2017,8.33,8.40,8.28,8.30,219627,1824187
12.10.2017,8.38,8.45,8.30,8.32,48971,408699
11.10.2017,8.36,8.48,8.26,8.38,31425,262367
10.10.2017,8.49,8.50,8.36,8.37,4625,38959
09.10.2017,8.21,8.50,8.18,8.47,22547,187284
06.10.2017,8.42,8.42,8.35,8.40,1913,16085
05.10.2017,8.35,8.42,8.20,8.42,63559,522663
04.10.2017,8.30,8.40,8.20,8.38,9651,79643
03.10.2017,8.37,8.37,8.17,8.30,4594,37885
02.10.2017,8.20,8.33,8.15,8.18,22225,182274
29.09.2017,8.20,8.20,8.12,8.20,9927,81222
28.09.2017,8.20,8.20,7.93,8.20,25622,207562
27.09.2017,8.44,8.44,8.18,8.19,14107,116227
26.09.2017,8.35,8.48,8.28,8.39,12069,100537
25.09.2017,8.71,8.71,8.35,8.35,9721,81462
22.09.2017,8.75,8.75,8.40,8.40,26694,225635
21.09.2017,8.61,8.71,8.54,8.54,9430,81210
20.09.2017,8.47,8.78,8.47,8.73,13647,117263
19.09.2017,8.81,8.81,8.65,8.70,5895,51403
18.09.2017,8.81,8.81,8.72,8.72,4284,37547
15.09.2017,8.89,8.98,8.68,8.81,14885,131120
14.09.2017,8.99,8.99,8.91,8.98,2430,21678
13.09.2017,9.00,9.01,8.90,8.99,2967,26673
12.09.2017,9.00,9.00,8.83,9.00,5008,44724
11.09.2017,9.00,9.11,9.00,9.10,1617,14593
08.09.2017,9.00,9.17,8.88,9.00,4813,43103
07.09.2017,9.31,9.31,8.95,9.00,10970,99023
06.09.2017,9.39,9.39,9.18,9.19,2808,25847
05.09.2017,9.33,9.39,9.30,9.30,2411,22502
04.09.2017,9.42,9.42,9.26,9.33,1185,11063
01.09.2017,8.93,9.50,8.88,9.42,52378,481978
31.08.2017,8.72,8.88,8.34,8.87,167762,1428781
30.08.2017,8.92,8.94,8.78,8.80,23364,206902
29.08.2017,9.20,9.27,8.88,8.90,34909,312613
28.08.2017,9.08,9.24,9.08,9.22,29954,274853
25.08.2017,9.01,9.10,8.99,9.10,4768,43002
24.08.2017,9.02,9.10,8.96,9.00,47008,422914
23.08.2017,9.05,9.23,8.98,8.99,27643,252199
22.08.2017,9.00,9.04,8.99,9.04,5963,53718
21.08.2017,9.05,9.11,8.97,8.97,17466,157407
18.08.2017,9.00,9.05,8.98,9.05,12265,110481
17.08.2017,9.03,9.07,9.00,9.01,14585,132047
16.08.2017,9.07,9.08,9.05,9.06,9399,85309
14.08.2017,9.00,9.12,9.00,9.07,13881,126004
11.08.2017,8.97,9.14,8.86,9.07,68197,615090
10.08.2017,9.10,9.29,8.66,8.93,51281,459566
09.08.2017,9.20,9.20,9.10,9.13,20384,186142
08.08.2017,9.25,9.29,9.16,9.22,28738,264478
07.08.2017,9.29,9.29,9.20,9.25,26213,241850
04.08.2017,9.38,9.38,9.19,9.26,38227,354674
03.08.2017,9.29,9.35,9.09,9.23,65067,597677
02.08.2017,9.59,9.59,9.15,9.29,33892,317079
01.08.2017,9.43,9.61,9.40,9.49,17304,163801
31.07.2017,9.63,9.63,9.45,9.45,37409,355705
28.07.2017,9.60,9.65,9.43,9.55,49672,473254
27.07.2017,10.15,10.15,9.59,9.66,48924,476473
26.07.2017,10.24,10.24,9.97,10.06,17358,175254
25.07.2017,10.48,10.49,10.13,10.25,20914,214268
24.07.2017,10.35,10.55,10.29,10.34,9276,95921
21.07.2017,10.39,10.49,10.34,10.34,6206,64388
20.07.2017,10.45,10.59,10.34,10.58,11370,118397
19.07.2017,10.51,10.51,10.44,10.45,3657,38329
18.07.2017,10.60,10.60,10.50,10.60,1869,19656
17.07.2017,10.47,10.65,10.47,10.62,1007,10546
14.07.2017,10.51,10.62,10.50,10.62,19926,211421
13.07.2017,10.40,10.67,10.40,10.67,4046,42691
12.07.2017,10.60,10.69,10.40,10.60,3989,41992
11.07.2017,10.70,10.70,10.35,10.50,52651,554253
10.07.2017,10.77,10.77,10.50,10.58,11772,124657
07.07.2017,10.60,10.80,10.42,10.80,6481,69424
06.07.2017,10.59,10.63,10.33,10.63,8478,88995
05.07.2017,10.75,10.89,10.73,10.86,22027,238085
04.07.2017,10.85,10.90,10.72,10.90,9512,102903
03.07.2017,10.73,10.85,10.65,10.85,8120,87231
30.06.2017,10.42,10.75,10.42,10.75,19616,206818
29.06.2017,10.77,10.89,10.00,10.40,60747,639755
28.06.2017,10.76,10.90,10.75,10.85,5090,55021
27.06.2017,10.96,10.96,10.66,10.89,28216,305024
26.06.2017,10.99,11.00,10.79,10.97,30502,330621
23.06.2017,11.04,11.04,10.90,11.00,6217,68148
22.06.2017,10.90,11.04,10.88,11.04,1376,15134
21.06.2017,10.97,10.99,10.84,10.99,2091,22783
20.06.2017,10.96,11.00,10.83,11.00,5186,56794
19.06.2017,10.99,11.00,10.90,10.99,3413,37322
16.06.2017,11.05,11.07,10.79,11.00,19643,212989
14.06.2017,11.05,11.06,10.86,11.06,2326,25406
13.06.2017,11.04,11.06,10.80,11.04,37193,405169
12.06.2017,11.07,11.07,10.81,11.05,10676,117533
09.06.2017,11.10,11.10,10.96,11.07,11276,124496
08.06.2017,11.13,11.13,11.00,11.13,3953,43695
07.06.2017,11.14,11.14,11.03,11.03,34617,382489
06.06.2017,11.09,11.20,11.05,11.06,13110,145513
05.06.2017,11.13,11.13,11.03,11.09,13642,150999
02.06.2017,11.10,11.19,10.96,11.10,20845,231235
01.06.2017,11.10,11.10,11.01,11.08,6112,67413
31.05.2017,11.20,11.20,11.01,11.01,23845,264766
30.05.2017,10.99,11.30,10.96,11.22,39945,446485
29.05.2017,10.85,11.10,10.75,11.06,12868,140504
26.05.2017,10.69,10.83,10.69,10.80,16548,178473
25.05.2017,10.70,10.70,10.61,10.69,4752,50601
24.05.2017,10.67,10.67,10.61,10.67,3732,39767
23.05.2017,10.70,10.79,10.62,10.62,5359,57213
22.05.2017,10.79,10.80,10.70,10.70,7476,80325
19.05.2017,10.61,10.84,10.61,10.79,11539,124134
18.05.2017,10.65,10.65,10.50,10.61,8330,88116
17.05.2017,10.75,10.80,10.50,10.64,434489,4566388
16.05.2017,10.86,10.86,10.68,10.74,11987,128526
15.05.2017,10.75,10.86,10.73,10.73,4944,53287
12.05.2017,10.84,10.87,10.75,10.75,72705,784662
11.05.2017,10.75,10.88,10.74,10.79,36917,398427
10.05.2017,10.87,10.87,10.73,10.78,24311,262332
09.05.2017,10.76,10.89,10.72,10.89,22653,244584
08.05.2017,10.90,10.90,10.76,10.80,9910,107241
05.05.2017,10.82,10.89,10.80,10.80,5108,55307
04.05.2017,10.80,10.85,10.72,10.82,33158,357128
02.05.2017,10.84,10.90,10.73,10.84,79367,857931
28.04.2017,10.72,10.85,10.70,10.80,7914,85042
27.04.2017,10.66,10.88,10.66,10.84,5597,60214
26.04.2017,10.83,10.83,10.67,10.70,26844,287774
25.04.2017,10.89,10.89,10.71,10.83,14520,155718
24.04.2017,10.70,10.86,10.67,10.85,9909,107087
21.04.2017,10.68,10.74,10.61,10.70,27933,298337
20.04.2017,10.70,10.72,10.65,10.65,9289,99188
19.04.2017,10.75,10.75,10.65,10.65,15113,161211
18.04.2017,10.62,10.80,10.58,10.73,55092,587860
13.04.2017,10.61,10.79,10.61,10.70,19789,212302
12.04.2017,10.71,10.80,10.53,10.79,82751,881306
11.04.2017,10.80,10.84,10.53,10.72,73242,780273
10.04.2017,10.80,10.86,10.72,10.72,16242,174884
07.04.2017,10.80,10.96,10.67,10.86,239444,2577208
06.04.2017,10.78,10.98,10.77,10.83,49653,537564
05.04.2017,10.71,10.81,10.71,10.81,23192,250148
04.04.2017,10.78,10.87,10.71,10.85,49403,535307
03.04.2017,10.95,10.95,10.71,10.80,40733,440584
31.03.2017,11.00,11.00,10.83,10.98,42282,462408
30.03.2017,10.90,10.98,10.77,10.89,59031,641722
29.03.2017,11.21,11.21,10.87,10.91,60698,665843
28.03.2017,10.66,11.18,10.66,11.00,74070,804554
27.03.2017,10.62,10.80,10.59,10.65,51667,552475
24.03.2017,10.76,10.79,10.52,10.71,39597,424859
23.03.2017,10.31,10.78,10.25,10.75,41565,437925
22.03.2017,10.23,10.33,10.20,10.30,38234,393038
21.03.2017,10.30,10.39,10.24,10.30,30439,312536
20.03.2017,10.40,10.43,10.26,10.39,36749,381492
17.03.2017,10.40,10.45,10.20,10.40,31083,320409
16.03.2017,10.30,10.49,10.30,10.45,7555,78611
15.03.2017,10.28,10.44,10.26,10.30,151092,1556324
14.03.2017,10.25,10.34,10.25,10.27,13016,133686
13.03.2017,10.54,10.54,10.25,10.30,15461,159302
10.03.2017,10.36,10.43,10.27,10.28,42454,438464
09.03.2017,10.45,10.45,10.31,10.44,9282,96234
08.03.2017,10.41,10.49,10.35,10.45,15873,164534
07.03.2017,10.50,10.50,10.40,10.40,13772,143939
06.03.2017,10.40,10.60,10.40,10.50,20760,217739
03.03.2017,10.38,10.50,10.36,10.40,6140,63833
02.03.2017,10.35,10.38,10.26,10.38,24639,254652
01.03.2017,10.30,10.35,10.20,10.35,14197,145958
28.02.2017,10.40,10.40,10.30,10.38,4739,49048
27.02.2017,10.32,10.39,10.30,10.39,2336,24097
24.02.2017,10.30,10.40,10.30,10.33,4540,46817
23.02.2017,10.43,10.43,10.29,10.32,25881,267070
22.02.2017,10.44,10.44,10.40,10.43,42764,445599
21.02.2017,10.47,10.68,10.40,10.44,64650,676264
20.02.2017,10.22,10.25,10.12,10.25,39185,400001
17.02.2017,10.22,10.22,10.13,10.19,25302,257087
16.02.2017,10.15,10.25,10.11,10.14,71223,724011
15.02.2017,10.21,10.21,10.08,10.08,87938,894479
14.02.2017,10.48,10.48,10.12,10.22,36233,370935
13.02.2017,10.20,10.50,10.17,10.50,51659,528109
10.02.2017,10.40,10.40,10.07,10.19,55938,568375
09.02.2017,10.19,10.19,10.06,10.12,59898,605518
08.02.2017,10.15,10.24,10.10,10.10,25020,254012
07.02.2017,10.45,10.45,10.20,10.20,44857,460869
06.02.2017,10.50,10.50,10.36,10.49,42756,448009
03.02.2017,10.70,10.70,10.52,10.53,18874,199566
02.02.2017,10.81,10.81,10.70,10.73,33002,355354
01.02.2017,10.75,10.80,10.70,10.77,15753,169841
31.01.2017,10.55,10.70,10.55,10.70,24112,257729
30.01.2017,10.77,10.78,10.55,10.58,10586,113029
27.01.2017,10.72,10.75,10.66,10.75,3104,33149
26.01.2017,10.59,10.72,10.54,10.66,36182,383823
25.01.2017,10.48,10.59,10.40,10.53,40215,423530
24.01.2017,10.40,10.48,10.34,10.45,22702,237048
23.01.2017,10.30,10.38,10.30,10.38,2436,25105
20.01.2017,10.26,10.30,10.25,10.25,1795,18441
19.01.2017,10.30,10.34,10.21,10.34,2401,24656
18.01.2017,10.25,10.40,10.24,10.40,5360,55330
17.01.2017,10.32,10.35,10.32,10.35,778,8046
16.01.2017,10.22,10.41,10.22,10.40,128,1310
13.01.2017,10.20,10.31,10.02,10.22,21125,215824
12.01.2017,10.53,10.53,10.30,10.35,10163,105506
11.01.2017,10.60,10.60,10.50,10.55,4878,51421
10.01.2017,10.59,10.65,10.45,10.65,16618,176339
09.01.2017,10.55,10.61,10.47,10.60,3003,31664
05.01.2017,10.48,10.59,10.44,10.52,7553,79362
04.01.2017,10.43,10.49,10.38,10.46,14842,155268
03.01.2017,10.48,10.48,10.41,10.45,4329,45260
02.01.2017,10.37,10.50,10.25,10.38,10570,109611
30.12.2016,10.25,10.35,10.25,10.31,85016,876164
29.12.2016,10.16,10.20,10.14,10.17,9469,96397
28.12.2016,9.90,10.34,9.80,10.02,36459,365478
27.12.2016,9.82,9.91,9.75,9.85,32999,325415
23.12.2016,9.63,9.82,9.63,9.80,22468,219624
22.12.2016,9.75,9.75,9.66,9.72,3989,38667
21.12.2016,9.70,9.77,9.70,9.71,3771,36649
20.12.2016,9.72,9.77,9.70,9.77,1974,19150
19.12.2016,9.70,9.79,9.65,9.71,3073,29809
16.12.2016,9.60,9.77,9.60,9.75,9461,91714
15.12.2016,9.70,9.74,9.61,9.63,5001,48168
14.12.2016,9.75,9.78,9.60,9.78,3552,34287
13.12.2016,9.81,9.81,9.72,9.72,54588,532266
12.12.2016,9.80,9.81,9.73,9.73,3258,31867
09.12.2016,9.90,9.90,9.80,9.88,2180,21549
08.12.2016,9.61,9.95,9.60,9.89,49461,483014
07.12.2016,9.70,9.75,9.56,9.60,19823,190612
06.12.2016,9.70,9.70,9.67,9.70,3399,32967
05.12.2016,9.65,9.78,9.62,9.62,27423,264702
02.12.2016,9.64,9.88,9.64,9.78,3255,31497
01.12.2016,9.90,9.90,9.64,9.64,6055,59055
30.11.2016,9.74,9.85,9.74,9.85,6432,62960
29.11.2016,9.73,9.75,9.64,9.64,2691,26110
28.11.2016,9.80,9.85,9.73,9.74,11018,107476
25.11.2016,9.78,9.80,9.73,9.77,10467,102291
24.11.2016,9.76,9.87,9.68,9.84,5966,58014
23.11.2016,9.89,9.89,9.81,9.83,4233,41644
22.11.2016,9.84,9.89,9.68,9.89,82808,806796
21.11.2016,9.74,9.83,9.67,9.79,2637,25721
18.11.2016,9.84,9.84,9.72,9.80,8371,81598
17.11.2016,9.84,9.84,9.71,9.76,1745,17009
16.11.2016,9.84,9.94,9.84,9.84,1528,15133
15.11.2016,9.95,9.95,9.80,9.94,29595,292798
14.11.2016,9.95,10.06,9.90,9.95,26846,267950
10.11.2016,9.50,9.75,9.32,9.75,53973,518184
09.11.2016,9.30,9.60,9.30,9.48,5160,48510
08.11.2016,9.51,9.51,9.41,9.42,3442,32524
07.11.2016,9.40,9.54,9.40,9.54,7705,72851
04.11.2016,9.57,9.78,9.50,9.61,83639,794816
03.11.2016,9.51,9.57,9.30,9.57,102212,970263
02.11.2016,9.66,9.77,9.60,9.60,8217,79419
31.10.2016,9.85,9.85,9.72,9.80,2848,27813
28.10.2016,9.85,9.85,9.79,9.85,2102,20697
27.10.2016,9.88,9.89,9.70,9.79,10138,98964
26.10.2016,9.95,9.95,9.90,9.93,2246,22338
25.10.2016,9.95,9.95,9.83,9.87,1640,16273
24.10.2016,9.87,9.93,9.87,9.93,1102,10895
21.10.2016,9.95,9.95,9.85,9.95,3433,33955
20.10.2016,9.85,9.90,9.85,9.85,6645,65579
19.10.2016,9.86,9.95,9.86,9.92,9310,92182
18.10.2016,9.77,9.92,9.73,9.92,47298,467539
17.10.2016,9.85,9.85,9.72,9.77,2707,26473
14.10.2016,9.88,9.93,9.84,9.92,16512,163097
13.10.2016,9.98,9.98,9.62,9.93,25982,255448
12.10.2016,10.26,10.29,9.80,10.00,36065,360549
11.10.2016,9.53,10.10,9.53,10.10,97584,965835
10.10.2016,9.40,9.51,9.30,9.51,14397,135517
07.10.2016,9.28,9.39,9.28,9.39,280,2621
06.10.2016,9.45,9.53,9.40,9.40,2255,21226
05.10.2016,9.33,9.50,9.33,9.50,14404,135869
04.10.2016,9.33,9.40,9.33,9.40,5279,49515
03.10.2016,9.32,9.40,9.32,9.33,6261,58720
30.09.2016,9.35,9.40,9.27,9.32,5430,50542
29.09.2016,9.28,9.40,9.28,9.40,2900,26991
28.09.2016,9.36,9.43,9.33,9.38,5510,51618
27.09.2016,9.20,9.31,9.20,9.30,6070,56299
26.09.2016,9.32,9.38,9.18,9.30,17554,162530
23.09.2016,9.34,9.34,9.20,9.29,1573,14506
22.09.2016,9.18,9.30,9.16,9.30,14326,132252
21.09.2016,9.18,9.26,9.18,9.26,863,7935
20.09.2016,9.34,9.34,9.15,9.29,7756,71469
19.09.2016,9.30,9.30,9.24,9.24,2815,26077
16.09.2016,9.31,9.31,9.30,9.30,250,2326
15.09.2016,9.30,9.30,9.28,9.28,7072,65763
14.09.2016,9.28,9.30,9.27,9.30,2774,25753
13.09.2016,9.28,9.35,9.28,9.31,5941,55173
12.09.2016,9.29,9.50,9.24,9.28,23724,222033
09.09.2016,9.32,9.32,9.22,9.24,6782,62925
08.09.2016,9.30,9.34,9.20,9.28,44643,414813
07.09.2016,9.23,9.36,9.20,9.36,27928,259583
06.09.2016,9.39,9.39,9.21,9.26,12388,114891
05.09.2016,9.31,9.49,9.23,9.39,19040,178592
02.09.2016,9.23,9.49,9.23,9.26,29517,277745
01.09.2016,9.45,9.49,9.33,9.38,5179,48612
31.08.2016,9.55,9.55,9.41,9.41,113999,1082107
30.08.2016,9.50,9.58,9.38,9.52,12298,117298
29.08.2016,9.48,9.48,9.38,9.39,2558,24104
26.08.2016,9.40,9.53,9.40,9.48,4880,46221
25.08.2016,9.60,9.60,9.40,9.45,95094,912173
24.08.2016,9.22,9.66,8.82,9.50,159744,1523039
23.08.2016,9.34,9.35,9.26,9.31,10685,99292
22.08.2016,9.23,9.34,9.23,9.34,1561,14450
19.08.2016,9.33,9.35,9.22,9.35,12978,120958
18.08.2016,9.34,9.43,9.33,9.39,3214,30032
17.08.2016,9.34,9.43,9.34,9.43,1092,10259
16.08.2016,9.46,9.46,9.40,9.42,2709,25550
12.08.2016,9.45,9.47,9.30,9.47,7192,67557
11.08.2016,9.42,9.47,9.41,9.45,2084,19638
10.08.2016,9.45,9.48,9.36,9.48,6190,58411
09.08.2016,9.47,9.47,9.40,9.47,1501,14179
08.08.2016,9.46,9.47,9.43,9.47,5351,50570
05.08.2016,9.46,9.46,9.30,9.43,3097,29087
04.08.2016,9.30,9.43,9.30,9.43,4945,46407
03.08.2016,9.26,9.37,9.24,9.29,9614,89301
02.08.2016,9.35,9.35,9.26,9.26,574,5356
01.08.2016,9.42,9.45,9.35,9.35,3994,37434
29.07.2016,9.47,9.47,9.24,9.37,6820,63580
28.07.2016,9.35,9.50,9.35,9.48,40851,386410
27.07.2016,9.24,9.42,9.20,9.24,93815,875810
26.07.2016,9.08,9.25,9.08,9.13,8175,75257
25.07.2016,8.95,9.25,8.95,9.08,38726,354979
22.07.2016,8.90,9.05,8.90,9.05,7977,71734
21.07.2016,8.80,9.00,8.80,9.00,3339,29805
20.07.2016,8.85,8.99,8.85,8.99,3266,29189
19.07.2016,8.80,8.89,8.80,8.88,254,2256
18.07.2016,8.97,9.00,8.81,8.94,18300,162448
15.07.2016,8.85,9.05,8.85,8.95,2226,20087
14.07.2016,8.87,9.05,8.87,8.93,187497,1688216
13.07.2016,8.85,9.03,8.85,8.88,1498,13393
12.07.2016,9.02,9.05,8.91,8.91,4267,38457
11.07.2016,8.91,9.01,8.85,9.01,21218,189966
08.07.2016,8.75,8.85,8.65,8.85,12145,106929
07.07.2016,8.69,8.82,8.65,8.70,3521,30733
06.07.2016,8.90,8.90,8.60,8.60,4520,38965
05.07.2016,9.08,9.10,9.00,9.06,10127,91876
04.07.2016,9.04,9.09,8.90,9.08,10548,95293
01.07.2016,8.93,9.14,8.93,9.12,8394,76332
30.06.2016,9.06,9.09,9.00,9.06,6053,54651
29.06.2016,8.78,9.00,8.78,9.00,5785,51931
28.06.2016,8.77,8.94,8.76,8.81,2420,21300
27.06.2016,8.65,8.78,8.62,8.75,3819,33265
24.06.2016,8.51,8.90,8.51,8.63,76294,659022
23.06.2016,8.95,9.08,8.95,9.05,7977,71792
22.06.2016,8.90,9.08,8.90,9.08,992,8899
21.06.2016,8.83,9.05,8.83,9.05,3500,31124
20.06.2016,8.79,9.09,8.79,8.83,19788,175799
17.06.2016,8.63,8.80,8.63,8.78,12666,110167
16.06.2016,8.88,8.88,8.62,8.69,6276,54842
15.06.2016,8.95,8.95,8.89,8.89,6768,60364
14.06.2016,9.04,9.04,8.93,8.95,3344,30044
13.06.2016,9.10,9.19,9.00,9.13,6553,59356
10.06.2016,9.15,9.23,9.15,9.20,2225,20470
09.06.2016,9.17,9.30,9.16,9.16,12705,116789
08.06.2016,9.16,9.29,9.16,9.20,10399,95833
07.06.2016,9.07,9.25,9.06,9.25,32181,295006
06.06.2016,9.08,9.09,8.91,9.09,3160,28400
03.06.2016,8.87,9.00,8.86,9.00,17297,154827
02.06.2016,8.85,8.91,8.70,8.88,5741,50389
01.06.2016,9.07,9.07,8.80,8.85,34925,313185
31.05.2016,9.03,9.06,9.00,9.06,10028,90482
30.05.2016,9.08,9.08,9.00,9.05,4933,44507
27.05.2016,9.10,9.10,9.02,9.05,8862,80102
25.05.2016,9.01,9.13,9.01,9.10,4221,38158
24.05.2016,9.00,9.13,9.00,9.10,2614,23733
23.05.2016,9.08,9.12,9.00,9.00,12652,114117
20.05.2016,9.09,9.09,8.41,9.08,18691,165618
19.05.2016,9.12,9.28,9.01,9.10,7230,65746
18.05.2016,9.39,9.39,9.10,9.28,6856,63071
17.05.2016,9.41,9.45,9.35,9.35,131686,1236739
16.05.2016,9.09,9.43,9.02,9.40,136085,1260860
13.05.2016,9.05,9.10,8.90,9.09,60807,547772
12.05.2016,8.90,9.00,8.82,9.00,4782,42887
11.05.2016,8.87,8.87,8.76,8.83,1857,16296
10.05.2016,8.94,8.96,8.85,8.87,4322,38443
09.05.2016,8.88,8.99,8.88,8.94,74,659
06.05.2016,8.85,8.89,8.80,8.89,605,5344
05.05.2016,8.80,8.99,8.75,8.92,2620,23053
04.05.2016,8.89,8.90,8.74,8.80,10264,90647
02.05.2016,8.95,8.97,8.89,8.90,2160,19284
29.04.2016,8.92,8.97,8.85,8.97,5137,45737
28.04.2016,8.90,9.00,8.90,8.95,58402,520170
27.04.2016,9.12,9.19,8.90,9.08,10401,93892
26.04.2016,9.15,9.27,9.00,9.12,36417,334654
25.04.2016,9.04,9.05,8.96,8.96,15548,140294
22.04.2016,9.04,9.04,9.00,9.01,8714,78602
21.04.2016,9.04,9.04,9.00,9.04,18378,165817
20.04.2016,8.99,9.10,8.95,9.02,16570,149915
19.04.2016,8.87,8.99,8.79,8.99,4123,36531
18.04.2016,8.87,8.87,8.76,8.76,6413,56334
15.04.2016,8.80,8.87,8.75,8.87,3789,33235
14.04.2016,8.88,8.88,8.74,8.74,6983,61552
13.04.2016,8.88,8.89,8.88,8.89,1736,15428
12.04.2016,8.86,8.88,8.76,8.88,25249,222569
11.04.2016,8.78,9.09,8.78,8.88,18063,161520
08.04.2016,8.88,8.88,8.79,8.79,8504,74846
07.04.2016,8.89,8.89,8.85,8.85,2059,18233
06.04.2016,8.88,8.89,8.81,8.88,3561,31548
05.04.2016,9.00,9.00,8.83,8.88,36862,328090
04.04.2016,8.80,9.05,8.80,8.95,11559,103257
01.04.2016,8.94,8.94,8.72,8.75,16553,145593
31.03.2016,9.09,9.10,9.06,9.08,28909,262533
30.03.2016,9.07,9.09,9.00,9.09,13295,120029
29.03.2016,8.84,9.27,8.84,9.08,40838,368979
24.03.2016,8.67,8.84,8.67,8.84,22185,194582
23.03.2016,8.77,8.77,8.65,8.74,6632,57585
22.03.2016,8.78,8.78,8.57,8.77,6551,57348
21.03.2016,8.69,8.73,8.69,8.72,12998,113193
18.03.2016,8.79,8.85,8.41,8.69,49750,427220
17.03.2016,8.50,8.59,8.35,8.48,6376,54164
16.03.2016,8.40,8.60,8.36,8.36,6163,52222
15.03.2016,8.50,8.50,8.40,8.40,16577,140711
14.03.2016,8.50,8.59,8.50,8.50,11542,98190
11.03.2016,8.39,8.59,8.39,8.53,21845,185908
10.03.2016,8.41,8.49,8.40,8.49,2099,17657
09.03.2016,8.50,8.57,8.42,8.42,2788,23676
08.03.2016,8.69,8.69,8.55,8.60,8350,71900
07.03.2016,8.73,8.75,8.63,8.69,3199,27872
04.03.2016,8.77,8.77,8.74,8.74,400,3502
03.03.2016,8.67,8.75,8.67,8.75,3765,32822
02.03.2016,8.40,8.61,8.34,8.61,14093,119152
01.03.2016,8.35,8.49,8.35,8.40,6735,56601
29.02.2016,8.17,8.30,8.16,8.30,4822,39681
26.02.2016,8.16,8.17,8.13,8.15,4448,36261
25.02.2016,8.16,8.17,8.12,8.17,542,4420
24.02.2016,8.16,8.16,8.09,8.15,7698,62727
23.02.2016,8.15,8.20,8.14,8.15,22196,181025
22.02.2016,8.06,8.20,8.06,8.14,4830,39148
19.02.2016,7.94,8.02,7.94,8.02,21631,171903
18.02.2016,7.92,8.05,7.86,7.88,6473,51286
17.02.2016,7.71,8.06,7.71,8.05,43361,341160
16.02.2016,7.74,7.81,7.71,7.81,28777,224255
15.02.2016,7.80,7.81,7.80,7.80,1944,15165
12.02.2016,7.80,7.80,7.71,7.77,4162,32289
11.02.2016,7.80,7.80,7.68,7.80,6858,52848
10.02.2016,7.79,7.80,7.72,7.80,29678,230512
09.02.2016,7.73,7.79,7.73,7.79,3429,26647
08.02.2016,7.80,7.87,7.75,7.76,3898,30287
05.02.2016,7.89,7.89,7.88,7.88,716,5647
04.02.2016,7.80,7.80,7.76,7.80,25242,196874
03.02.2016,7.77,7.79,7.68,7.72,3728,28842
02.02.2016,8.20,8.20,7.79,7.79,17064,134129
01.02.2016,7.98,8.00,7.90,8.00,3998,31831
29.01.2016,7.67,8.05,7.67,7.82,118243,936159
28.01.2016,7.65,7.69,7.65,7.69,5802,44502
27.01.2016,7.70,7.70,7.64,7.64,131489,1007205
26.01.2016,7.81,7.81,7.67,7.70,7322,56444
25.01.2016,7.78,7.87,7.77,7.80,14674,114328
22.01.2016,7.88,7.88,7.67,7.78,10644,82892
21.01.2016,7.95,7.95,7.72,7.88,6441,49977
20.01.2016,8.15,8.18,7.76,7.89,32753,259890
19.01.2016,8.10,8.29,8.05,8.20,30741,249614
18.01.2016,8.20,8.20,8.13,8.18,2722,22184
15.01.2016,8.26,8.34,8.16,8.34,32381,266599
14.01.2016,8.28,8.32,8.26,8.32,3378,27956
13.01.2016,8.30,8.40,8.30,8.34,5693,47455
12.01.2016,8.36,8.49,8.26,8.30,50835,423388
11.01.2016,8.50,8.52,8.37,8.40,57151,480285
08.01.2016,8.49,8.53,8.36,8.52,5772,48754
07.01.2016,8.62,8.62,8.31,8.54,12023,102076
05.01.2016,8.56,8.66,8.56,8.63,1826,15644
04.01.2016,8.72,8.72,8.51,8.55,13454,115233
30.12.2015,8.78,8.78,8.66,8.73,18572,162158
29.12.2015,8.80,8.80,8.71,8.78,213661,1878086
28.12.2015,8.63,8.84,8.63,8.78,53202,467270
23.12.2015,8.79,8.79,8.67,8.78,35073,307668
22.12.2015,8.74,8.80,8.70,8.73,225143,1975436
21.12.2015,8.53,8.80,8.53,8.73,27732,240891
18.12.2015,8.65,8.71,8.54,8.66,4247,36632
17.12.2015,8.54,8.79,8.54,8.74,48856,425583
16.12.2015,8.46,8.54,8.35,8.54,3996,33881
15.12.2015,8.40,8.47,8.28,8.46,44068,366641
14.12.2015,8.43,8.64,8.22,8.40,215550,1807513
11.12.2015,8.55,8.60,8.40,8.59,4026,34520
10.12.2015,8.40,8.50,8.36,8.50,27508,231861
09.12.2015,8.55,8.55,8.42,8.42,10742,91019
08.12.2015,8.60,8.60,8.45,8.54,5420,46096
07.12.2015,8.50,8.60,8.50,8.50,4533,38578
04.12.2015,8.62,8.62,8.27,8.60,16613,140903
03.12.2015,8.70,8.70,8.59,8.59,25772,222015
02.12.2015,8.85,8.85,8.67,8.70,53660,471310
01.12.2015,8.50,8.70,8.49,8.70,43054,367794
30.11.2015,8.46,8.59,8.43,8.49,47135,400708
27.11.2015,8.57,8.57,8.48,8.50,33917,288679
26.11.2015,8.55,8.59,8.55,8.57,7992,68623
25.11.2015,8.60,8.73,8.53,8.60,20406,176202
24.11.2015,8.70,8.74,8.57,8.66,8574,74204
23.11.2015,8.89,8.89,8.62,8.78,7048,61405
20.11.2015,8.96,9.07,8.85,8.90,56858,510189
19.11.2015,9.04,9.15,8.95,8.96,17690,159647
18.11.2015,9.03,9.05,8.90,9.05,5495,49353
17.11.2015,9.10,9.13,8.81,9.04,38213,346524
16.11.2015,9.29,9.30,9.01,9.10,27192,246524
13.11.2015,9.34,9.35,9.13,9.35,3301,30397
12.11.2015,9.47,9.48,9.28,9.35,6205,58176
10.11.2015,9.47,9.50,9.36,9.39,7454,70571
09.11.2015,9.40,9.47,9.30,9.46,91498,855552
06.11.2015,9.49,9.49,9.36,9.40,15453,145162
05.11.2015,9.55,9.57,9.39,9.39,10315,97483
04.11.2015,9.55,9.57,9.50,9.55,8834,84354
03.11.2015,9.46,9.60,9.40,9.55,60649,577065
02.11.2015,9.39,9.45,9.39,9.45,38100,358788
30.10.2015,9.10,9.40,9.10,9.36,11729,108173
29.10.2015,9.30,9.35,9.15,9.35,28310,261583
28.10.2015,9.20,9.30,9.20,9.25,7602,70299
27.10.2015,9.30,9.30,9.17,9.20,4057,37436
26.10.2015,9.25,9.41,9.25,9.30,13139,122492
23.10.2015,8.82,9.34,8.82,9.25,293723,2657305
22.10.2015,9.00,9.01,8.94,8.94,6663,59921
21.10.2015,8.84,9.00,8.81,9.00,19334,172598
20.10.2015,8.89,8.89,8.84,8.88,1062,9408
19.10.2015,8.93,8.93,8.89,8.89,888,7906
16.10.2015,8.86,9.00,8.82,8.95,26563,238347
15.10.2015,8.99,9.03,8.91,8.91,18436,165809
14.10.2015,8.90,9.03,8.82,9.03,1702,15093
13.10.2015,9.04,9.04,8.80,8.90,6780,59821
12.10.2015,8.96,9.05,8.90,9.05,3251,29061
09.10.2015,9.00,9.05,9.00,9.05,13135,118425
08.10.2015,9.00,9.05,8.90,9.05,13971,125389
07.10.2015,8.89,8.95,8.85,8.89,11444,101659
06.10.2015,8.85,8.92,8.84,8.89,18949,167801
05.10.2015,8.85,8.92,8.81,8.82,13942,123628
02.10.2015,8.85,8.90,8.80,8.85,4486,39616
01.10.2015,8.90,8.91,8.78,8.85,27097,240029
30.09.2015,8.77,8.82,8.54,8.82,14355,126035
29.09.2015,8.51,8.84,8.51,8.79,2690,23416
28.09.2015,8.39,8.90,8.35,8.90,24041,204875
25.09.2015,8.37,8.49,8.30,8.40,6740,56580
24.09.2015,8.50,8.65,8.40,8.49,6335,54298
23.09.2015,8.50,8.50,8.22,8.48,9312,78395
22.09.2015,8.78,8.78,8.61,8.61,3261,28369
21.09.2015,8.80,8.85,8.80,8.80,6311,55637
18.09.2015,8.99,8.99,8.79,8.83,16010,142445
17.09.2015,8.76,9.00,8.75,9.00,15067,132910
16.09.2015,8.81,8.93,8.71,8.84,7111,62304
15.09.2015,9.23,9.23,8.86,8.98,124046,1119709
14.09.2015,9.15,9.25,9.07,9.20,89439,821787
11.09.2015,8.60,9.19,8.57,9.19,111060,979436
10.09.2015,8.31,8.60,8.31,8.54,68365,582943
09.09.2015,8.32,8.32,8.26,8.32,24660,204568
08.09.2015,8.35,8.35,8.13,8.32,33786,279654
07.09.2015,8.05,8.35,7.95,8.35,39716,327075
04.09.2015,8.04,8.05,7.92,8.05,167250,1338154
03.09.2015,7.90,8.05,7.81,8.05,37397,297653
02.09.2015,7.86,7.92,7.83,7.90,29470,232444
01.09.2015,7.84,7.85,7.72,7.84,20512,160605
31.08.2015,7.80,7.86,7.77,7.79,36416,283595
28.08.2015,7.79,7.79,7.60,7.79,22870,176872
27.08.2015,7.70,7.80,7.70,7.79,27074,210432
26.08.2015,7.72,7.85,7.67,7.69,13147,102098
25.08.2015,7.60,7.89,7.60,7.84,86578,677879
24.08.2015,7.60,7.75,7.60,7.60,159215,1213123
21.08.2015,7.73,7.86,7.73,7.80,11024,86456
20.08.2015,7.81,7.84,7.75,7.84,3860,30041
19.08.2015,7.97,7.97,7.81,7.85,33141,260128
18.08.2015,7.97,7.97,7.85,7.85,28062,220948
17.08.2015,7.99,7.99,7.86,7.91,63000,497638
14.08.2015,8.05,8.05,7.98,7.99,13242,105925
13.08.2015,7.85,8.10,7.85,8.05,102311,806533
12.08.2015,7.89,7.92,7.81,7.85,21669,171158
11.08.2015,7.96,7.96,7.88,7.89,3102,24531
10.08.2015,7.97,7.97,7.85,7.94,8691,68728
07.08.2015,7.92,8.00,7.92,7.99,1491,11860
06.08.2015,8.05,8.05,7.94,7.94,4737,37838
05.08.2015,8.08,8.08,8.03,8.04,6342,51010
04.08.2015,7.93,8.10,7.91,8.09,23326,186351
03.08.2015,7.89,7.94,7.88,7.93,15326,121082
31.07.2015,7.80,7.87,7.71,7.85,21826,170687
30.07.2015,7.66,7.84,7.66,7.80,75224,583421
29.07.2015,7.75,7.75,7.66,7.70,41265,317842
28.07.2015,7.65,7.80,7.65,7.72,55284,427642
27.07.2015,7.73,7.78,7.61,7.65,45501,348550
24.07.2015,7.84,7.84,7.65,7.80,78788,609210
23.07.2015,7.77,7.85,7.69,7.85,64736,505286
22.07.2015,7.82,7.82,7.61,7.74,68189,529807
21.07.2015,7.79,7.85,7.71,7.76,94020,733198
20.07.2015,7.60,7.85,7.60,7.83,52782,407234
17.07.2015,7.59,7.64,7.40,7.60,169698,1280553
16.07.2015,7.65,7.65,7.53,7.56,114617,868663
15.07.2015,7.80,7.85,7.55,7.64,147143,1123104
14.07.2015,7.42,7.76,7.36,7.65,292411,2202256
13.07.2015,7.30,7.42,7.26,7.42,118807,871576
10.07.2015,7.36,7.36,7.22,7.30,13272,96926
09.07.2015,7.47,7.49,7.31,7.36,90503,668397
08.07.2015,7.40,7.50,7.10,7.48,53139,388892
07.07.2015,7.45,7.54,7.43,7.45,4581,34137
06.07.2015,7.42,7.58,7.40,7.50,7988,59525
03.07.2015,7.92,7.95,7.80,7.85,37941,298706
02.07.2015,7.98,7.98,7.90,7.90,18503,146422
01.07.2015,7.77,7.93,7.77,7.93,71653,558880
30.06.2015,7.75,7.84,7.65,7.84,38821,301981
29.06.2015,7.69,7.75,7.46,7.75,48123,364896
26.06.2015,7.76,7.80,7.70,7.70,49556,382764
25.06.2015,7.95,7.95,7.74,7.76,56898,445740
24.06.2015,8.07,8.07,7.83,7.97,25029,199656
23.06.2015,8.11,8.18,8.00,8.05,74758,601030
22.06.2015,8.28,8.33,8.00,8.15,68216,552785
19.06.2015,8.56,8.67,8.24,8.27,81014,677105
18.06.2015,8.55,8.62,8.55,8.62,2989,25640
17.06.2015,8.63,8.77,8.52,8.62,25602,220387
16.06.2015,8.63,8.77,8.62,8.77,1989,17221
15.06.2015,8.60,8.73,8.59,8.73,5829,50253
12.06.2015,8.67,8.70,8.62,8.65,16608,143604
11.06.2015,8.70,8.79,8.65,8.78,3741,32588
10.06.2015,8.56,8.80,8.56,8.80,26000,225428
09.06.2015,8.70,8.80,8.70,8.70,11982,105021
08.06.2015,8.76,8.80,8.61,8.80,15394,134763
05.06.2015,8.75,8.83,8.66,8.75,2632,23003
03.06.2015,8.84,8.85,8.76,8.76,12344,108768
02.06.2015,8.76,8.84,8.75,8.81,27464,241371
01.06.2015,8.80,8.80,8.75,8.76,10937,96136
29.05.2015,8.80,8.80,8.74,8.80,9004,79158
28.05.2015,8.80,8.80,8.73,8.80,20320,178627
27.05.2015,8.80,8.80,8.71,8.80,15863,139355
26.05.2015,8.62,8.80,8.60,8.80,11960,104250
25.05.2015,8.60,8.80,8.60,8.70,17885,156542
22.05.2015,8.76,8.80,8.37,8.70,33351,288360
21.05.2015,8.65,8.86,8.65,8.80,44986,396560
20.05.2015,8.70,8.82,8.60,8.81,32650,285302
19.05.2015,8.68,8.70,8.66,8.68,6484,56247
18.05.2015,8.77,8.77,8.65,8.70,9231,80252
15.05.2015,8.88,8.88,8.70,8.78,10419,91506
14.05.2015,8.68,8.80,8.62,8.80,15254,133399
13.05.2015,8.80,8.80,8.64,8.69,38957,338925
12.05.2015,8.81,8.81,8.73,8.80,37910,333514
11.05.2015,8.80,8.88,8.74,8.80,31147,273909
08.05.2015,8.80,8.80,8.75,8.80,21264,187029
07.05.2015,8.80,8.80,8.75,8.80,15110,132897
06.05.2015,8.80,8.80,8.71,8.79,35931,315300
05.05.2015,8.76,8.80,8.75,8.79,21378,187864
04.05.2015,8.82,8.87,8.75,8.79,16711,146936
30.04.2015,8.84,9.00,8.78,8.80,23763,211610
29.04.2015,8.80,8.85,8.77,8.84,18351,161732
28.04.2015,8.79,8.80,8.72,8.80,32020,281218
27.04.2015,8.82,8.85,8.77,8.79,33927,298487
24.04.2015,8.85,8.85,8.70,8.78,41849,366714
23.04.2015,8.77,8.82,8.74,8.82,34040,298614
22.04.2015,8.78,8.79,8.72,8.77,26488,232290
21.04.2015,8.78,8.78,8.70,8.70,42045,367408
20.04.2015,8.70,8.80,8.70,8.78,55289,485371
17.04.2015,8.61,8.79,8.61,8.69,7695,66989
16.04.2015,8.80,8.80,8.67,8.67,18907,165557
15.04.2015,8.87,8.87,8.77,8.79,24552,216195
14.04.2015,8.97,8.97,8.86,8.93,7912,70433
13.04.2015,8.98,8.98,8.91,8.97,11751,105243
10.04.2015,8.95,8.99,8.88,8.92,34200,305682
09.04.2015,8.89,8.95,8.89,8.95,25064,223902
08.04.2015,8.93,8.94,8.80,8.89,46656,413599
07.04.2015,9.00,9.00,8.90,8.91,25287,226018
02.04.2015,9.11,9.11,8.95,8.95,16940,152118
01.04.2015,9.09,9.15,9.05,9.06,42824,389761
31.03.2015,9.10,9.15,9.02,9.09,30290,276214
30.03.2015,9.00,9.14,8.90,9.10,25494,231084
27.03.2015,8.86,8.95,8.86,8.90,29719,264969
26.03.2015,8.90,9.00,8.57,8.87,46822,414389
25.03.2015,9.10,9.16,8.93,8.93,42709,386619
24.03.2015,9.18,9.18,9.05,9.10,53848,490302
23.03.2015,9.01,9.20,9.00,9.10,37211,338713
20.03.2015,9.17,9.19,8.84,9.10,86137,779219
19.03.2015,9.16,9.26,9.00,9.20,69860,637988
18.03.2015,8.59,9.25,8.59,9.10,290542,2575992
17.03.2015,8.56,8.59,8.51,8.59,38496,330155
16.03.2015,8.55,8.56,8.42,8.56,21568,183922
13.03.2015,8.55,8.56,8.48,8.56,16584,141670
12.03.2015,8.55,8.56,8.53,8.56,43238,369765
11.03.2015,8.30,8.55,8.25,8.55,136793,1164183
10.03.2015,8.28,8.35,8.25,8.30,15730,130711
09.03.2015,8.23,8.37,8.11,8.30,31469,261207
06.03.2015,8.46,8.47,7.93,8.24,69210,570194
05.03.2015,8.53,8.56,8.42,8.50,23932,203498
04.03.2015,8.43,8.55,8.42,8.55,28579,243912
03.03.2015,8.54,8.54,8.42,8.42,12047,102216
02.03.2015,8.55,8.55,8.48,8.53,11077,94341
27.02.2015,8.49,8.55,8.45,8.55,19466,165755
26.02.2015,8.47,8.55,8.47,8.55,6857,58508
25.02.2015,8.55,8.55,8.44,8.54,23723,202573
24.02.2015,8.55,8.57,8.48,8.55,10536,90069
23.02.2015,8.55,8.55,8.50,8.55,12378,105723
20.02.2015,8.54,8.55,8.42,8.55,13217,112676
19.02.2015,8.55,8.55,8.47,8.48,6372,54302
18.02.2015,8.50,8.59,8.50,8.58,21965,187934
17.02.2015,8.36,8.51,8.36,8.45,12435,105107
16.02.2015,8.43,8.46,8.39,8.40,132150,1110212
13.02.2015,8.40,8.68,8.35,8.40,400246,3362423
12.02.2015,8.65,8.69,8.40,8.40,261489,2228621
11.02.2015,8.75,8.80,8.60,8.70,17239,149625
10.02.2015,8.78,8.79,8.66,8.78,23987,210263
09.02.2015,8.80,8.80,8.70,8.78,6774,59340
06.02.2015,8.79,8.79,8.73,8.79,25985,228167
05.02.2015,8.79,8.79,8.77,8.78,10725,94177
04.02.2015,8.75,8.79,8.67,8.78,9856,86511
03.02.2015,8.66,8.81,8.65,8.74,48580,423479
02.02.2015,8.64,8.65,8.62,8.63,14039,121317
30.01.2015,8.64,8.64,8.56,8.64,19944,172233
29.01.2015,8.70,8.72,8.60,8.60,22273,192158
28.01.2015,8.55,8.70,8.55,8.65,5359,46102
27.01.2015,8.70,8.79,8.55,8.55,15302,132874
26.01.2015,8.42,8.69,8.40,8.65,350276,3011883
23.01.2015,8.35,8.40,8.31,8.40,4419,36853
22.01.2015,8.31,8.42,8.31,8.34,144919,1211046
21.01.2015,8.28,8.35,8.26,8.31,2966,24649
20.01.2015,8.40,8.40,8.28,8.28,9662,80599
19.01.2015,8.32,8.35,8.31,8.35,9854,82135
16.01.2015,8.42,8.42,8.23,8.28,15368,126850
15.01.2015,8.40,8.40,8.22,8.35,11900,99079
14.01.2015,8.35,8.39,8.25,8.28,5870,48693
13.01.2015,8.43,8.43,8.35,8.40,8638,72498
12.01.2015,8.45,8.45,8.41,8.44,6543,55161
09.01.2015,8.48,8.51,8.45,8.47,19504,165643
08.01.2015,8.45,8.50,8.43,8.50,19489,165000
07.01.2015,8.49,8.52,8.41,8.47,36102,307346
05.01.2015,8.52,8.52,8.49,8.49,2044,17383
02.01.2015,8.52,8.52,8.52,8.52,3500,29820
30.12.2014,8.34,8.53,8.30,8.50,38110,321657
29.12.2014,8.20,8.35,8.20,8.30,9404,77980
23.12.2014,8.31,8.45,8.30,8.40,36345,303492
22.12.2014,8.49,8.51,8.40,8.46,36879,310774
19.12.2014,8.37,8.51,8.32,8.50,127582,1078248
18.12.2014,8.30,8.35,8.30,8.35,103225,858139
17.12.2014,7.95,8.25,7.94,8.23,32745,264441
16.12.2014,8.08,8.09,7.93,8.02,40872,327529
15.12.2014,8.12,8.20,8.10,8.10,61119,496279
12.12.2014,8.14,8.15,8.07,8.12,23960,194536
11.12.2014,7.94,8.19,7.94,8.12,29584,238038
10.12.2014,7.98,8.23,7.98,8.01,19024,153350
09.12.2014,8.25,8.25,7.71,8.00,42715,341452
08.12.2014,8.30,8.30,8.25,8.25,5859,48481
05.12.2014,8.32,8.38,8.26,8.34,7442,61945
04.12.2014,8.31,8.37,8.30,8.37,31540,262853
03.12.2014,8.37,8.37,8.23,8.36,77750,646564
02.12.2014,8.45,8.45,8.36,8.36,12667,106027
01.12.2014,8.45,8.45,8.35,8.40,19723,165042
28.11.2014,8.58,8.58,8.45,8.49,143897,1223398
27.11.2014,8.52,8.65,8.51,8.56,23887,205585
26.11.2014,8.54,8.59,8.50,8.57,55039,471990
25.11.2014,8.45,8.57,8.45,8.57,35234,301339
24.11.2014,8.40,8.48,8.39,8.40,55005,462723
21.11.2014,8.35,8.47,8.29,8.40,3368,28250
20.11.2014,8.37,8.39,8.29,8.29,14213,118412
19.11.2014,8.34,8.49,8.23,8.40,16166,135303
18.11.2014,8.15,8.35,8.14,8.34,7765,63772
17.11.2014,8.35,8.38,8.12,8.19,14847,122045
14.11.2014,8.44,8.44,8.32,8.38,12291,102956
13.11.2014,8.45,8.45,8.36,8.37,354391,2976853
12.11.2014,8.40,8.45,8.37,8.45,49391,416702
10.11.2014,8.38,8.45,8.36,8.37,53167,446349
07.11.2014,8.41,8.46,8.38,8.38,9270,78060
06.11.2014,8.48,8.59,8.42,8.42,75290,638101
05.11.2014,8.45,8.48,8.42,8.48,37575,318013
04.11.2014,8.48,8.48,8.40,8.41,17368,146216
03.11.2014,8.48,8.48,8.40,8.44,31467,265439
31.10.2014,8.48,8.48,8.42,8.48,11443,96877
30.10.2014,8.38,8.45,8.35,8.42,89954,755269
29.10.2014,8.39,8.40,8.37,8.38,21479,180160
28.10.2014,8.39,8.39,8.34,8.37,9263,77671
27.10.2014,8.27,8.40,8.27,8.35,190831,1588558
24.10.2014,8.31,8.38,8.27,8.27,12785,106367
23.10.2014,8.40,8.40,8.30,8.35,11409,95450
22.10.2014,8.40,8.40,8.36,8.37,43113,361409
21.10.2014,8.39,8.40,8.25,8.36,63633,528003
20.10.2014,8.49,8.59,8.36,8.37,79197,673530
17.10.2014,8.33,8.54,8.28,8.48,247857,2095470
16.10.2014,8.35,8.38,8.25,8.30,10410,86662
15.10.2014,8.33,8.40,8.30,8.30,14838,123854
14.10.2014,8.25,8.35,8.25,8.30,39161,324331
13.10.2014,8.10,8.18,8.10,8.18,34045,278334
10.10.2014,7.95,8.15,7.95,8.08,43714,353480
09.10.2014,8.15,8.15,8.07,8.07,5120,41393
08.10.2014,8.10,8.18,8.00,8.10,8864,71276
07.10.2014,8.20,8.20,8.07,8.16,4675,38182
06.10.2014,8.25,8.25,8.10,8.20,21176,173225
03.10.2014,8.05,8.10,8.04,8.10,5501,44443
02.10.2014,7.99,8.10,7.99,8.03,87141,698577
01.10.2014,8.20,8.25,7.88,8.00,76854,619664
30.09.2014,8.34,8.35,8.20,8.20,12611,104079
29.09.2014,8.35,8.35,8.30,8.35,13248,110187
26.09.2014,8.30,8.41,8.20,8.35,44740,369551
25.09.2014,8.36,8.46,8.33,8.33,98752,830575
24.09.2014,8.27,8.36,8.25,8.35,207153,1719681
23.09.2014,8.19,8.28,8.18,8.27,140109,1156344
22.09.2014,8.20,8.24,8.18,8.21,24615,201949
19.09.2014,8.15,8.20,8.15,8.20,21580,176580
18.09.2014,8.06,8.15,8.06,8.15,17086,138919
17.09.2014,8.06,8.08,8.03,8.08,3188,25701
16.09.2014,8.04,8.06,8.02,8.06,8114,65267
15.09.2014,8.02,8.07,8.00,8.04,20392,163421
12.09.2014,8.04,8.06,7.99,8.02,40157,321075
11.09.2014,8.08,8.08,8.00,8.01,30984,248757
10.09.2014,8.04,8.09,8.00,8.04,18876,151748
09.09.2014,8.08,8.10,8.00,8.04,22937,184390
08.09.2014,8.03,8.10,7.98,8.04,52523,424325
05.09.2014,8.09,8.09,7.99,7.99,11885,95485
04.09.2014,7.94,8.10,7.90,8.08,43427,348832
03.09.2014,7.81,7.94,7.76,7.93,18428,144338
02.09.2014,7.80,7.89,7.73,7.85,10877,84670
01.09.2014,7.94,7.94,7.79,7.79,70852,553226
29.08.2014,7.90,8.00,7.87,7.94,20245,160392
28.08.2014,8.09,8.10,7.90,7.98,23143,185191
27.08.2014,8.14,8.14,8.07,8.10,6342,51385
26.08.2014,8.20,8.20,8.04,8.10,24265,197407
25.08.2014,7.82,8.18,7.60,8.17,289963,2336924
22.08.2014,7.81,7.85,7.79,7.85,16872,132030
21.08.2014,7.95,7.95,7.83,7.84,13263,104347
20.08.2014,8.00,8.00,7.86,7.93,6810,53784
19.08.2014,7.95,7.99,7.87,7.94,8855,70163
18.08.2014,7.89,8.00,7.89,7.98,9435,74954
14.08.2014,7.90,7.97,7.84,7.90,25667,202688
13.08.2014,7.90,7.95,7.85,7.95,4115,32475
12.08.2014,7.85,7.90,7.80,7.90,50374,393869
11.08.2014,7.79,7.90,7.79,7.84,24858,194351
08.08.2014,7.84,7.87,7.76,7.80,59917,467322
07.08.2014,7.98,7.98,7.79,7.90,12293,96383
06.08.2014,8.00,8.02,7.81,7.90,114038,902871
05.08.2014,8.02,8.02,8.00,8.00,12636,101105
04.08.2014,8.12,8.14,8.00,8.04,38158,306558
01.08.2014,8.09,8.09,8.00,8.08,9711,78415
31.07.2014,7.92,8.04,7.90,8.04,36513,292018
30.07.2014,8.00,8.05,8.00,8.04,9253,74034
29.07.2014,8.05,8.09,8.00,8.00,49488,395985
28.07.2014,8.13,8.14,8.00,8.01,9434,75798
25.07.2014,8.23,8.24,8.11,8.12,11759,95889
24.07.2014,8.10,8.25,8.03,8.18,43610,357332
23.07.2014,8.00,8.10,7.99,8.10,64258,517683
22.07.2014,7.95,8.00,7.95,8.00,111811,892236
21.07.2014,7.95,8.00,7.95,7.98,10003,79561
18.07.2014,7.90,7.96,7.90,7.96,197267,1567805
17.07.2014,7.92,8.00,7.90,7.90,225916,1795305
16.07.2014,7.92,7.95,7.92,7.95,1700,13464
15.07.2014,8.00,8.00,7.97,7.98,25045,199957
14.07.2014,8.01,8.01,7.99,7.99,9539,76243
11.07.2014,7.96,8.00,7.90,8.00,95639,761060
10.07.2014,7.96,7.98,7.90,7.93,46129,364643
09.07.2014,7.97,7.97,7.85,7.94,6252,49130
08.07.2014,7.78,7.99,7.75,7.85,104204,825881
07.07.2014,7.71,7.99,7.60,7.75,30081,232132
04.07.2014,7.76,8.00,7.71,8.00,184602,1446114
03.07.2014,7.78,7.88,7.73,7.73,45985,358272
02.07.2014,7.73,7.87,7.72,7.78,22001,170516
01.07.2014,7.85,7.88,7.77,7.77,3442,26870
30.06.2014,7.72,7.98,7.72,7.89,28685,225556
27.06.2014,7.71,7.91,7.66,7.89,25970,200979
26.06.2014,7.88,7.92,7.71,7.71,19088,149095
25.06.2014,7.97,7.97,7.90,7.90,3850,30479
24.06.2014,7.96,7.98,7.85,7.98,2229,17660
23.06.2014,7.90,8.00,7.86,8.00,52555,419299
20.06.2014,7.83,7.93,7.83,7.90,10250,80440
18.06.2014,7.93,7.94,7.86,7.89,25850,204099
17.06.2014,7.78,7.93,7.74,7.93,21369,167855
16.06.2014,7.84,7.98,7.76,7.78,7926,62080
13.06.2014,8.00,8.00,7.88,7.88,14812,117754
12.06.2014,7.99,8.05,7.99,8.02,13373,107248
11.06.2014,8.01,8.05,7.97,8.02,3992,31922
10.06.2014,8.00,8.02,7.99,8.00,5410,43311
09.06.2014,8.00,8.04,7.95,8.04,7459,59758
06.06.2014,8.00,8.03,7.94,8.02,26951,214745
05.06.2014,8.04,8.04,8.03,8.04,4103,32980
04.06.2014,8.10,8.10,7.98,7.98,16061,128698
03.06.2014,8.07,8.09,8.01,8.05,71350,574953
02.06.2014,8.00,8.12,8.00,8.05,36428,294172
30.05.2014,7.96,8.02,7.95,8.01,13190,105535
29.05.2014,7.95,7.96,7.80,7.95,42252,334293
28.05.2014,7.89,7.95,7.89,7.95,12805,101596
27.05.2014,7.95,7.95,7.89,7.94,202096,1604624
26.05.2014,7.86,7.98,7.86,7.95,3475,27621
23.05.2014,7.92,7.98,7.91,7.96,27020,215163
22.05.2014,7.74,7.91,7.74,7.91,7680,60365
21.05.2014,7.71,7.74,7.64,7.74,3288,25335
20.05.2014,7.63,7.72,7.58,7.71,9288,71188
19.05.2014,7.52,7.68,7.49,7.58,15118,113918
16.05.2014,7.62,7.71,7.57,7.69,8481,64953
15.05.2014,7.70,7.74,7.57,7.70,26167,200194
14.05.2014,7.69,7.74,7.51,7.73,11760,90423
13.05.2014,7.61,7.70,7.60,7.69,12410,94840
12.05.2014,7.70,7.73,7.30,7.62,262726,1950110
09.05.2014,7.90,7.99,7.74,7.74,25664,202214
08.05.2014,7.93,8.02,7.84,7.90,14233,112437
07.05.2014,8.10,8.14,7.81,7.98,21894,173492
06.05.2014,8.26,8.26,8.10,8.19,5841,47686
05.05.2014,8.38,8.41,8.00,8.27,26456,216904
02.05.2014,8.40,8.41,8.38,8.40,22981,193030
30.04.2014,8.12,8.49,8.09,8.38,775928,6453199
29.04.2014,8.04,8.15,8.04,8.12,22773,185325
28.04.2014,8.09,8.15,8.05,8.13,18537,150118
25.04.2014,8.11,8.13,8.04,8.05,19281,155824
24.04.2014,8.10,8.13,8.08,8.11,45923,372223
23.04.2014,8.04,8.09,8.03,8.09,33250,267913
22.04.2014,7.95,8.05,7.90,8.03,38244,305498
17.04.2014,7.95,8.00,7.90,7.95,20919,166384
16.04.2014,8.00,8.00,7.89,7.89,19680,156300
15.04.2014,7.93,8.02,7.89,8.02,22223,177056
14.04.2014,7.99,7.99,7.79,7.95,63773,499398
11.04.2014,8.00,8.00,7.90,8.00,9533,75856
10.04.2014,7.97,8.00,7.93,8.00,14033,111826
09.04.2014,7.93,7.96,7.93,7.96,4607,36612
08.04.2014,7.95,7.98,7.91,7.97,21800,173098
07.04.2014,7.97,8.00,7.82,7.99,73061,580010
04.04.2014,8.04,8.04,7.96,7.98,6829,54564
03.04.2014,8.03,8.06,7.90,7.99,21360,170077
02.04.2014,8.05,8.09,7.98,7.98,9959,79849
01.04.2014,8.00,8.09,7.99,8.05,42814,344761
31.03.2014,8.04,8.09,8.00,8.09,62787,505181
28.03.2014,7.99,8.04,7.99,8.02,40488,324200
27.03.2014,7.99,8.03,7.93,7.99,35424,283169
26.03.2014,8.01,8.05,7.99,7.99,76836,615535
25.03.2014,7.76,8.03,7.76,8.01,81370,648728
24.03.2014,7.84,7.99,7.60,7.90,88666,693295
21.03.2014,7.62,7.88,7.62,7.84,44442,345496
20.03.2014,7.61,7.62,7.47,7.62,7492,56561
19.03.2014,7.40,7.63,7.40,7.58,35612,267682
18.03.2014,7.50,7.50,7.35,7.50,7721,57287
17.03.2014,7.27,7.50,7.27,7.50,31757,235314
14.03.2014,7.25,7.35,7.11,7.26,39550,285148
13.03.2014,7.39,7.45,7.25,7.35,21938,161374
12.03.2014,7.35,7.41,7.18,7.36,147870,1070278
11.03.2014,7.25,7.35,7.25,7.33,108596,791969
10.03.2014,7.32,7.48,7.25,7.25,71193,523068
07.03.2014,7.41,7.50,7.30,7.49,86798,644842
06.03.2014,7.48,7.55,7.41,7.49,28160,209882
05.03.2014,7.50,7.55,7.27,7.47,53473,397843
04.03.2014,7.41,7.60,7.39,7.49,110464,826736
03.03.2014,7.20,7.64,7.05,7.22,159200,1168266
28.02.2014,7.88,8.02,7.74,7.97,31917,252533
27.02.2014,7.85,7.97,7.70,7.88,73831,574430
26.02.2014,8.00,8.04,7.87,7.87,41363,329675
25.02.2014,8.02,8.04,7.95,8.02,51850,414299
24.02.2014,7.94,8.03,7.87,8.03,134857,1076313
21.02.2014,7.77,7.95,7.75,7.95,98528,773069
20.02.2014,7.76,7.85,7.55,7.77,116855,896206
19.02.2014,7.65,7.88,7.57,7.75,116752,898026
18.02.2014,8.10,8.10,7.51,7.55,263799,2064511
17.02.2014,8.13,8.16,8.10,8.15,64577,526067
14.02.2014,8.04,8.10,8.00,8.10,25892,208288
13.02.2014,8.00,8.05,7.98,8.03,136311,1091650
12.02.2014,8.00,8.05,7.97,8.00,28599,228655
11.02.2014,8.00,8.06,7.99,8.00,15750,126127
10.02.2014,8.04,8.07,7.99,8.06,17891,143757
07.02.2014,8.00,8.05,7.95,8.02,22898,183354
06.02.2014,7.98,8.05,7.93,7.95,30663,244612
05.02.2014,8.04,8.09,8.00,8.00,31366,252404
04.02.2014,8.00,8.05,7.94,8.03,26392,211020
03.02.2014,8.10,8.13,8.04,8.09,34519,279547
31.01.2014,8.06,8.10,7.98,8.10,79876,643616
30.01.2014,8.05,8.05,7.86,8.05,89663,713601
29.01.2014,8.09,8.18,7.80,8.04,111290,895652
28.01.2014,7.75,8.10,7.75,8.06,185893,1484939
27.01.2014,7.68,7.77,7.59,7.76,103614,792799
24.01.2014,7.75,7.79,7.59,7.72,60385,464096
23.01.2014,7.58,7.74,7.58,7.70,87152,668306
22.01.2014,7.51,7.55,7.43,7.49,60471,455040
21.01.2014,7.46,7.52,7.46,7.49,6840,51220
20.01.2014,7.51,7.54,7.42,7.46,25572,191093
17.01.2014,7.50,7.50,7.42,7.50,70857,526417
16.01.2014,7.42,7.59,7.42,7.54,30004,225705
15.01.2014,7.36,7.48,7.33,7.41,24633,182884
14.01.2014,7.47,7.47,7.32,7.38,7891,58256
13.01.2014,7.35,7.45,7.35,7.40,27753,205227
10.01.2014,7.24,7.33,7.24,7.26,71425,521151
09.01.2014,7.20,7.50,7.18,7.34,51361,380147
08.01.2014,7.25,7.42,7.16,7.40,27188,198397
07.01.2014,7.21,7.45,7.21,7.38,6748,49132
03.01.2014,7.42,7.51,7.42,7.43,7748,57891
02.01.2014,7.32,7.48,7.30,7.42,36949,272813
30.12.2013,7.20,7.39,7.20,7.26,72614,530807
27.12.2013,7.10,7.20,7.02,7.18,43939,311857
23.12.2013,7.00,7.07,6.94,7.02,22703,159369
20.12.2013,6.99,7.02,6.80,7.00,70731,489297
19.12.2013,7.00,7.00,6.90,6.90,160540,1114829
18.12.2013,6.94,6.94,6.80,6.85,13067,89465
17.12.2013,6.85,7.07,6.73,6.80,408501,2801554
16.12.2013,6.88,6.94,6.80,6.80,22853,156331
13.12.2013,6.78,6.95,6.78,6.87,51315,349755
12.12.2013,7.05,7.05,6.80,6.80,111750,769555
11.12.2013,7.06,7.10,7.02,7.05,139087,980786
10.12.2013,7.14,7.20,7.05,7.14,37769,269027
09.12.2013,7.26,7.29,7.14,7.14,29157,209710
06.12.2013,7.32,7.32,7.16,7.25,24585,177881
05.12.2013,7.14,7.39,7.14,7.22,16722,120965
04.12.2013,7.16,7.17,6.74,7.14,229514,1621466
03.12.2013,7.70,7.70,7.35,7.35,86112,647810
02.12.2013,7.70,7.70,7.57,7.70,22120,168839
29.11.2013,7.70,7.70,7.50,7.63,15659,119251
28.11.2013,7.77,7.77,7.70,7.76,26395,204303
27.11.2013,7.75,7.80,7.68,7.75,36213,280170
26.11.2013,7.83,7.83,7.63,7.74,20921,161754
25.11.2013,7.78,7.85,7.64,7.72,45074,348670
22.11.2013,7.60,7.69,7.60,7.62,20915,159716
21.11.2013,7.65,7.71,7.53,7.55,21207,161322
20.11.2013,7.67,7.78,7.50,7.70,43246,329060
19.11.2013,7.80,7.87,7.62,7.70,68850,533380
18.11.2013,7.75,7.80,7.50,7.78,323056,2503872
15.11.2013,7.66,7.79,7.65,7.67,100041,771149
14.11.2013,7.46,7.67,7.42,7.65,142910,1076576
13.11.2013,7.46,7.46,7.33,7.40,38714,286033
12.11.2013,7.39,7.46,7.31,7.46,67852,504690
08.11.2013,7.30,7.39,7.30,7.39,29220,213873
07.11.2013,7.40,7.40,7.28,7.30,45303,332161
06.11.2013,7.08,7.48,7.08,7.31,38835,285288
05.11.2013,7.25,7.33,7.05,7.08,37723,271503
04.11.2013,7.45,7.56,7.10,7.30,117564,873311
31.10.2013,7.45,7.58,7.45,7.45,138029,1037170
30.10.2013,7.38,7.50,7.35,7.45,211365,1570049
29.10.2013,7.15,7.35,7.10,7.32,193231,1391255
28.10.2013,7.03,7.15,7.01,7.14,112249,797353
25.10.2013,7.04,7.08,6.98,7.03,19285,135206
24.10.2013,7.05,7.13,6.95,6.99,35981,253181
23.10.2013,7.04,7.11,6.96,7.05,153133,1079621
22.10.2013,7.10,7.11,6.90,7.04,40176,280663
21.10.2013,7.17,7.17,7.09,7.11,11984,85516
18.10.2013,7.09,7.17,7.02,7.15,55059,393076
17.10.2013,7.12,7.15,7.10,7.15,36721,262011
16.10.2013,7.02,7.11,7.02,7.11,143262,1016140
15.10.2013,6.97,7.02,6.83,7.00,130132,904398
14.10.2013,6.99,7.03,6.97,6.97,18279,127838
11.10.2013,6.88,7.05,6.88,7.03,747998,5234503
10.10.2013,6.69,6.77,6.69,6.75,225342,1508813
09.10.2013,6.70,6.75,6.68,6.72,41437,277964
08.10.2013,6.72,6.88,6.55,6.75,451074,3043698
07.10.2013,7.00,7.05,6.94,7.00,31279,218580
04.10.2013,7.10,7.10,6.78,7.05,254710,1782629
03.10.2013,7.10,7.25,7.10,7.10,104636,751089
02.10.2013,6.88,7.18,6.80,7.10,2269563,15676037
01.10.2013,6.78,6.89,6.78,6.89,637473,4335158
30.09.2013,6.94,6.95,6.77,6.77,24560,168384
27.09.2013,6.95,6.95,6.89,6.92,33375,231240
26.09.2013,6.90,6.90,6.84,6.89,21509,147825
25.09.2013,6.77,6.89,6.73,6.89,33527,228351
24.09.2013,6.90,6.90,6.82,6.82,37932,260480
23.09.2013,7.00,7.00,6.81,6.88,37969,261708
20.09.2013,6.90,6.95,6.85,6.95,111132,768362
19.09.2013,6.93,7.09,6.80,6.82,120978,836986
18.09.2013,6.66,6.89,6.48,6.85,218077,1465142
17.09.2013,6.00,6.66,5.99,6.66,146323,928393
16.09.2013,6.22,6.22,6.00,6.05,33995,207687
13.09.2013,6.19,6.21,6.06,6.20,20421,124769
12.09.2013,6.28,6.28,6.00,6.20,48053,293393
11.09.2013,6.30,6.30,6.11,6.20,12756,78874
10.09.2013,6.20,6.34,6.20,6.25,47283,297262
09.09.2013,6.02,6.25,5.99,6.20,49339,303628
06.09.2013,5.65,5.95,5.62,5.95,57416,334416
05.09.2013,5.80,5.80,5.51,5.60,194152,1089321
04.09.2013,5.90,5.90,5.73,5.85,51925,302071
03.09.2013,5.98,5.98,5.77,5.93,80644,470595
02.09.2013,6.00,6.02,5.91,5.97,32743,195275
30.08.2013,6.10,6.10,5.93,6.00,34317,207067
29.08.2013,6.00,6.05,5.96,6.00,52192,313177
28.08.2013,5.97,5.99,5.85,5.99,96776,571094
27.08.2013,6.19,6.19,5.99,6.00,138561,834516
26.08.2013,6.22,6.31,6.00,6.14,255830,1583721
23.08.2013,6.35,6.35,6.18,6.20,94265,587663
22.08.2013,6.09,6.37,6.07,6.28,565272,3506483
21.08.2013,5.75,6.16,5.65,5.98,799473,4793382
20.08.2013,5.56,5.90,5.52,5.70,77632,443843
19.08.2013,5.65,5.65,5.46,5.50,1167386,6481463
16.08.2013,5.55,5.74,5.55,5.64,139732,788715
14.08.2013,5.03,5.51,5.03,5.49,415927,2234864
13.08.2013,4.99,5.04,4.95,5.03,62936,314537
12.08.2013,4.97,4.99,4.94,4.99,174497,867703
09.08.2013,4.95,4.98,4.95,4.97,14928,74140
08.08.2013,4.96,5.00,4.96,4.99,46021,229529
07.08.2013,4.96,5.00,4.96,5.00,18545,92682
06.08.2013,4.97,4.98,4.97,4.98,8294,41298
05.08.2013,5.00,5.00,4.95,4.96,397570,1972045
02.08.2013,5.00,5.00,4.96,4.97,20411,102002
01.08.2013,4.94,5.00,4.93,4.93,10257,50809
31.07.2013,4.96,5.00,4.93,4.94,9480,47009
30.07.2013,5.00,5.04,4.98,4.98,29369,147646
29.07.2013,5.00,5.03,4.98,5.00,34242,171292
26.07.2013,4.99,5.05,4.94,5.00,28357,141583
25.07.2013,4.94,4.98,4.92,4.96,38292,189071
24.07.2013,4.98,4.98,4.92,4.92,43609,215814
23.07.2013,4.98,4.99,4.95,4.98,65478,325574
22.07.2013,5.00,5.00,4.97,4.97,35297,176216
19.07.2013,4.99,5.09,4.97,5.00,314833,1572323
18.07.2013,4.95,4.99,4.95,4.99,228100,1130219
17.07.2013,4.94,5.00,4.92,4.92,33914,167604
16.07.2013,4.94,5.00,4.94,4.94,48010,237553
15.07.2013,4.92,4.94,4.92,4.93,27819,137076
12.07.2013,4.92,4.94,4.88,4.94,49518,243392
11.07.2013,4.93,4.93,4.89,4.90,32310,158634
10.07.2013,4.91,4.94,4.86,4.93,30281,148896
09.07.2013,4.94,4.94,4.89,4.91,36724,180666
08.07.2013,4.97,4.97,4.97,4.97,720,3578
05.07.2013,4.93,4.97,4.90,4.97,32939,162985
04.07.2013,4.96,4.98,4.89,4.98,22060,109050
03.07.2013,5.00,5.00,4.90,4.97,30409,150153
02.07.2013,5.03,5.03,4.91,5.00,15478,76832
01.07.2013,5.00,5.04,5.00,5.01,14122,70685
28.06.2013,4.99,5.03,4.99,5.02,8325,41736
27.06.2013,5.01,5.02,4.92,5.01,43749,216959
26.06.2013,4.86,5.03,4.86,4.99,103073,506768
25.06.2013,4.83,4.88,4.83,4.86,23443,113366
24.06.2013,4.98,4.98,4.83,4.83,15662,76336
21.06.2013,4.84,4.92,4.83,4.91,22226,108579
20.06.2013,4.97,4.97,4.83,4.91,23803,116564
19.06.2013,4.93,4.93,4.87,4.93,33853,165921
18.06.2013,4.94,4.97,4.87,4.96,17800,87737
17.06.2013,4.94,4.95,4.92,4.93,14984,74068
14.06.2013,4.87,4.94,4.87,4.94,2314,11377
13.06.2013,4.96,4.97,4.86,4.96,13118,64814
12.06.2013,4.87,5.07,4.87,4.97,38839,193181
11.06.2013,5.00,5.14,4.90,4.95,65197,328416
10.06.2013,4.96,5.00,4.96,5.00,29110,145404
07.06.2013,5.00,5.00,4.92,4.96,11876,58991
06.06.2013,5.07,5.07,4.96,5.00,8449,42323
05.06.2013,4.99,5.07,4.97,5.00,28445,142810
04.06.2013,4.95,5.06,4.90,4.99,22792,113793
03.06.2013,4.85,4.92,4.85,4.92,1374,6732
31.05.2013,4.90,4.92,4.82,4.92,41031,201232
29.05.2013,4.66,4.92,4.66,4.88,37667,181420
28.05.2013,4.69,4.72,4.60,4.66,15478,72008
27.05.2013,4.70,4.71,4.62,4.71,58475,274500
24.05.2013,4.70,4.76,4.67,4.71,39214,185004
23.05.2013,4.56,4.72,4.44,4.72,45154,208942
22.05.2013,4.76,4.79,4.68,4.68,36205,171802
21.05.2013,4.87,4.87,4.73,4.73,19660,93683
20.05.2013,4.74,4.93,4.70,4.80,94458,455286
17.05.2013,4.71,4.72,4.63,4.70,51497,241562
16.05.2013,4.68,4.74,4.65,4.67,38344,179741
15.05.2013,4.60,4.69,4.60,4.68,18033,83782
14.05.2013,4.56,4.62,4.55,4.55,10820,49522
13.05.2013,4.50,4.69,4.49,4.69,26464,121508
10.05.2013,4.53,4.53,4.49,4.52,6360,28657
09.05.2013,4.47,4.55,4.46,4.53,14942,67174
08.05.2013,4.44,4.55,4.43,4.50,39938,177971
07.05.2013,4.41,4.47,4.40,4.45,16553,73127
06.05.2013,4.43,4.45,4.30,4.40,6008,26295
02.05.2013,4.46,4.50,4.39,4.43,4103,18092
30.04.2013,4.29,4.46,4.28,4.41,15008,65440
29.04.2013,4.30,4.37,4.29,4.32,3567,15361
26.04.2013,4.26,4.35,4.26,4.35,56066,241364
25.04.2013,4.42,4.42,4.30,4.30,33043,142890
24.04.2013,4.40,4.47,4.32,4.37,44050,195356
23.04.2013,4.38,4.38,4.32,4.35,17005,74173
22.04.2013,4.48,4.51,4.38,4.38,56170,248273
19.04.2013,4.40,4.49,4.35,4.48,24240,107475
18.04.2013,4.40,4.45,4.38,4.43,21400,94524
17.04.2013,4.50,4.50,4.37,4.42,27419,121039
15.04.2013,4.49,4.64,4.47,4.50,22711,102323
12.04.2013,4.40,4.74,4.40,4.55,224577,1035424
11.04.2013,4.48,4.50,4.32,4.39,44704,198863
10.04.2013,4.50,4.57,4.48,4.48,52307,235109
09.04.2013,4.66,4.66,4.49,4.49,48948,220713
08.04.2013,4.50,4.56,4.40,4.50,76086,341437
05.04.2013,4.54,4.68,4.47,4.50,42771,194315
04.04.2013,4.56,4.63,4.50,4.54,19794,89495
03.04.2013,4.55,4.59,4.53,4.55,4368,19875
02.04.2013,4.58,4.72,4.55,4.55,18410,84179
28.03.2013,4.66,4.71,4.58,4.58,13360,61931
27.03.2013,4.67,4.68,4.65,4.66,32025,149515
26.03.2013,4.67,4.72,4.67,4.70,2054,9634
25.03.2013,4.68,4.75,4.66,4.67,14614,68672
22.03.2013,4.75,4.82,4.65,4.72,7860,37102
21.03.2013,4.68,4.76,4.66,4.69,4250,19857
20.03.2013,4.66,4.70,4.66,4.70,525,2462
19.03.2013,4.70,4.71,4.66,4.66,15577,73158
18.03.2013,4.71,4.79,4.68,4.71,6875,32372
15.03.2013,4.75,4.80,4.70,4.74,3605,17010
14.03.2013,4.73,4.80,4.67,4.76,10226,48044
13.03.2013,4.77,4.95,4.71,4.71,16432,78266
12.03.2013,4.75,4.83,4.68,4.77,18186,85770
11.03.2013,4.73,4.77,4.71,4.76,10400,49198
08.03.2013,4.83,4.88,4.69,4.79,43574,206720
07.03.2013,4.80,4.85,4.75,4.84,10088,48252
06.03.2013,4.74,4.80,4.73,4.80,4027,19085
05.03.2013,4.73,4.78,4.72,4.78,2473,11688
01.03.2013,4.76,4.81,4.74,4.81,3681,17518
28.02.2013,4.81,4.81,4.81,4.81,100,481
27.02.2013,4.76,4.76,4.73,4.73,5984,28407
26.02.2013,4.77,4.79,4.75,4.76,10161,48359
25.02.2013,4.82,4.86,4.75,4.80,56473,269916
22.02.2013,4.85,4.85,4.85,4.85,55,267
21.02.2013,4.78,4.78,4.78,4.78,120,574
20.02.2013,4.80,4.80,4.79,4.79,875,4196
19.02.2013,4.80,4.88,4.80,4.88,1658,8043
18.02.2013,4.90,4.90,4.76,4.90,8910,43271
15.02.2013,4.89,4.89,4.80,4.88,5379,26187
14.02.2013,4.90,4.90,4.80,4.88,2269,11021
13.02.2013,4.89,4.89,4.89,4.89,2505,12249
12.02.2013,4.90,4.90,4.90,4.90,1593,7806
11.02.2013,4.91,4.91,4.79,4.90,38432,187886
08.02.2013,4.70,4.90,4.67,4.89,10467,50462
07.02.2013,4.88,4.89,4.79,4.88,6114,29373
06.02.2013,4.79,4.86,4.76,4.81,12010,57250
05.02.2013,4.77,4.87,4.76,4.86,5444,25946
04.02.2013,4.88,4.88,4.77,4.84,6615,31678
01.02.2013,4.77,4.88,4.76,4.84,3366,16119
31.01.2013,4.81,4.87,4.77,4.87,9007,43089
30.01.2013,4.81,4.81,4.80,4.80,1600,7690
29.01.2013,4.95,4.95,4.81,4.89,3499,17023
28.01.2013,4.82,4.93,4.80,4.93,4261,20509
25.01.2013,4.85,4.88,4.82,4.88,3250,15698
24.01.2013,4.89,4.89,4.89,4.89,662,3237
23.01.2013,4.94,4.94,4.87,4.89,2916,14313
22.01.2013,4.95,4.95,4.85,4.94,5185,25307
21.01.2013,4.95,4.95,4.95,4.95,100,495
18.01.2013,4.93,4.95,4.90,4.94,5660,27959
17.01.2013,4.97,4.98,4.97,4.98,1200,5966
16.01.2013,4.81,4.97,4.78,4.97,16620,81355
15.01.2013,4.82,4.86,4.80,4.82,2739,13231
14.01.2013,4.95,4.99,4.81,4.86,15834,77285
11.01.2013,4.99,5.06,4.92,4.92,11465,57051
10.01.2013,4.89,4.99,4.86,4.99,39646,196195
09.01.2013,4.89,4.89,4.89,4.89,726,3550
08.01.2013,4.78,4.87,4.78,4.84,12094,58437
07.01.2013,4.78,4.87,4.78,4.81,10008,48325
04.01.2013,4.84,4.88,4.77,4.82,7410,35680
03.01.2013,4.85,4.97,4.82,4.88,8431,41176
02.01.2013,5.09,5.09,4.83,4.89,16286,79892
28.12.2012,4.95,5.01,4.81,4.90,358642,1760355
27.12.2012,4.90,4.99,4.85,4.86,40332,197527
21.12.2012,4.90,4.97,4.89,4.90,148124,727397
20.12.2012,4.95,4.95,4.86,4.86,45467,223295
19.12.2012,4.97,4.99,4.87,4.90,70757,347143
18.12.2012,4.93,4.99,4.89,4.91,42558,209584
17.12.2012,5.00,5.00,4.90,4.93,27586,136530
14.12.2012,4.93,4.93,4.93,4.93,490,2416
13.12.2012,4.90,4.98,4.84,4.91,23727,116312
12.12.2012,4.98,5.05,4.89,4.90,51783,257954
11.12.2012,5.14,5.14,4.90,4.98,38886,193095
10.12.2012,4.81,5.15,4.80,4.95,48490,241634
07.12.2012,4.73,4.89,4.73,4.89,10412,49757
06.12.2012,4.77,4.77,4.75,4.75,2920,13888
05.12.2012,4.82,4.82,4.73,4.77,3312,15871
04.12.2012,4.72,4.88,4.71,4.79,33294,158147
03.12.2012,4.67,4.71,4.65,4.71,9942,46627
30.11.2012,4.72,4.72,4.67,4.72,36331,171241
29.11.2012,4.67,4.71,4.67,4.71,2500,11725
28.11.2012,4.72,4.72,4.65,4.71,15762,73848
27.11.2012,4.75,4.76,4.65,4.71,24595,115538
26.11.2012,4.78,4.78,4.70,4.72,7644,36258
23.11.2012,4.75,4.78,4.74,4.78,486,2312
22.11.2012,4.71,4.71,4.68,4.68,28460,133730
21.11.2012,4.68,4.75,4.68,4.75,25054,118490
20.11.2012,4.82,4.82,4.68,4.70,52109,246398
19.11.2012,4.79,4.84,4.79,4.80,5367,25787
16.11.2012,4.81,4.85,4.79,4.80,25288,121480
15.11.2012,4.90,4.90,4.85,4.88,4500,21934
14.11.2012,4.83,4.87,4.83,4.85,4400,21352
13.11.2012,4.85,4.86,4.71,4.86,59460,285432
12.11.2012,4.90,4.90,4.72,4.88,13461,63856
09.11.2012,4.90,4.90,4.72,4.89,13953,67453
08.11.2012,4.90,4.90,4.79,4.89,20646,99175
07.11.2012,4.85,4.85,4.65,4.83,3260,15506
06.11.2012,4.87,4.87,4.66,4.75,6453,30462
05.11.2012,4.91,4.91,4.65,4.80,8325,39243
02.11.2012,4.89,4.89,4.80,4.87,359,1752
31.10.2012,4.75,4.94,4.75,4.80,1501,7175
30.10.2012,4.66,4.79,4.66,4.76,7244,34277
29.10.2012,4.65,4.83,4.63,4.83,5102,24183
26.10.2012,4.93,4.93,4.78,4.80,35458,170329
25.10.2012,4.92,5.00,4.89,4.89,41006,203277
24.10.2012,4.84,4.99,4.84,4.99,32294,159894
23.10.2012,4.97,4.98,4.84,4.89,29488,144794
22.10.2012,5.02,5.05,4.87,4.93,67452,335165
19.10.2012,5.05,5.09,4.98,4.98,43576,220645
18.10.2012,5.09,5.10,5.01,5.05,37727,191248
17.10.2012,5.07,5.09,5.05,5.09,13847,70205
16.10.2012,5.08,5.11,5.05,5.08,23760,120811
15.10.2012,5.02,5.08,5.02,5.08,1158,5871
12.10.2012,5.04,5.09,5.04,5.09,23600,119715
11.10.2012,5.08,5.09,5.00,5.04,82453,416459
10.10.2012,5.07,5.10,5.03,5.10,12001,61006
09.10.2012,5.07,5.17,5.05,5.05,35286,179695
08.10.2012,5.05,5.11,5.04,5.10,22542,114530
05.10.2012,5.10,5.10,5.10,5.10,10,51
04.10.2012,5.06,5.14,5.06,5.08,26038,132454
03.10.2012,5.07,5.13,5.07,5.10,14400,73250
02.10.2012,5.07,5.14,5.05,5.06,44452,226077
01.10.2012,5.07,5.12,5.03,5.10,20851,105855
28.09.2012,5.17,5.17,5.04,5.08,39668,201413
27.09.2012,5.08,5.20,5.08,5.18,34023,173293
26.09.2012,5.06,5.12,5.05,5.08,26678,135596
25.09.2012,5.07,5.10,5.01,5.05,33513,169964
24.09.2012,5.07,5.10,5.05,5.08,41623,211347
21.09.2012,5.03,5.11,5.02,5.11,32463,164202
20.09.2012,5.04,5.10,4.97,5.09,40321,203458
19.09.2012,5.16,5.16,5.07,5.07,32446,165586
18.09.2012,5.10,5.18,5.05,5.13,48615,247281
17.09.2012,5.06,5.10,5.06,5.09,37245,189064
14.09.2012,5.04,5.06,5.04,5.06,35013,176927
13.09.2012,5.02,5.05,5.02,5.05,36947,186165
12.09.2012,5.01,5.03,5.00,5.03,39767,199492
11.09.2012,4.97,5.02,4.96,5.01,28853,144182
10.09.2012,4.97,5.00,4.97,5.00,33771,168531
07.09.2012,4.96,4.98,4.95,4.95,35788,177725
06.09.2012,4.94,4.99,4.94,4.98,46055,229171
05.09.2012,4.95,4.99,4.94,4.97,12829,63592
04.09.2012,4.94,4.99,4.94,4.98,25484,126651
03.09.2012,4.95,5.00,4.91,4.97,43763,217232
31.08.2012,4.90,4.95,4.90,4.95,2503,12272
30.08.2012,4.94,4.96,4.93,4.95,27931,138253
29.08.2012,4.89,4.95,4.87,4.94,21687,106912
28.08.2012,4.90,4.90,4.83,4.89,10064,49034
27.08.2012,4.90,4.90,4.87,4.87,1400,6845
24.08.2012,4.88,4.95,4.88,4.95,21795,107590
23.08.2012,4.92,4.92,4.92,4.92,3,15
22.08.2012,4.94,4.95,4.92,4.92,26500,130916
21.08.2012,4.88,4.96,4.87,4.95,29475,145564
20.08.2012,4.88,4.92,4.88,4.92,22150,108965
17.08.2012,4.90,4.92,4.88,4.92,26102,127405
16.08.2012,4.88,4.92,4.87,4.92,3546,17330
14.08.2012,4.90,4.92,4.90,4.92,1505,7405
13.08.2012,4.93,4.93,4.93,4.93,1000,4930
10.08.2012,4.88,4.93,4.88,4.93,550,2705
09.08.2012,4.90,4.92,4.90,4.92,2000,9827
08.08.2012,4.89,4.92,4.85,4.90,21039,102626
07.08.2012,4.91,4.95,4.89,4.90,21018,103075
06.08.2012,4.91,4.98,4.90,4.97,25243,124119
03.08.2012,4.96,4.97,4.96,4.97,2725,13516
02.08.2012,4.96,4.97,4.96,4.97,16701,82997
01.08.2012,4.97,4.97,4.87,4.92,22636,111791
31.07.2012,4.94,4.97,4.93,4.97,1062,5246
30.07.2012,4.93,4.97,4.91,4.97,5626,27757
27.07.2012,4.98,4.99,4.93,4.98,22600,112384
26.07.2012,4.94,4.99,4.92,4.98,39289,195373
25.07.2012,4.88,4.95,4.87,4.94,20491,100716
24.07.2012,4.90,4.98,4.89,4.89,43548,214229
23.07.2012,4.94,5.00,4.82,4.90,50865,252776
20.07.2012,5.00,5.00,4.95,4.99,30401,151625
19.07.2012,4.98,5.00,4.94,4.99,33414,166149
18.07.2012,4.98,4.99,4.95,4.99,34632,172509
17.07.2012,4.96,4.99,4.92,4.93,12097,59740
16.07.2012,5.00,5.00,4.93,4.93,28862,143238
13.07.2012,4.95,5.00,4.92,5.00,53971,267994
12.07.2012,4.93,5.00,4.93,5.00,41373,206041
11.07.2012,4.92,4.99,4.92,4.99,24750,123059
10.07.2012,4.90,4.98,4.89,4.96,27891,137422
09.07.2012,4.91,4.98,4.90,4.90,6540,32240
06.07.2012,4.98,4.98,4.95,4.98,1902,9456
05.07.2012,4.93,4.98,4.92,4.98,36244,180024
04.07.2012,4.87,4.97,4.86,4.97,25533,126580
03.07.2012,4.90,4.97,4.89,4.93,30525,150311
02.07.2012,4.88,4.97,4.88,4.96,35981,177950
29.06.2012,4.86,4.97,4.85,4.97,41207,204087
28.06.2012,4.87,4.97,4.87,4.97,30329,149767
27.06.2012,4.79,4.97,4.78,4.97,34060,167666
26.06.2012,4.90,4.95,4.80,4.95,49384,241820
25.06.2012,4.94,4.95,4.85,4.85,1143,5641
21.06.2012,4.95,4.97,4.95,4.97,22100,109680
20.06.2012,4.94,4.97,4.87,4.97,26025,128603
19.06.2012,4.85,4.95,4.84,4.94,10937,53694
18.06.2012,4.96,4.96,4.85,4.93,15895,77626
15.06.2012,4.91,4.95,4.90,4.95,2601,12814
14.06.2012,4.83,4.96,4.83,4.95,15380,76121
13.06.2012,4.95,4.96,4.93,4.96,10542,52147
12.06.2012,4.89,4.95,4.89,4.95,8829,43411
11.06.2012,4.94,4.94,4.94,4.94,100,494
08.06.2012,4.85,4.90,4.85,4.90,1373,6678
06.06.2012,4.77,4.97,4.70,4.97,204313,982479
05.06.2012,4.78,4.84,4.73,4.84,20549,98562
04.06.2012,4.90,4.90,4.78,4.78,29107,139967
01.06.2012,4.87,4.93,4.82,4.93,1307,6365
31.05.2012,4.99,4.99,4.97,4.98,25853,128947
30.05.2012,4.94,5.00,4.93,5.00,37570,187602
29.05.2012,5.00,5.00,5.00,5.00,90000,450000
28.05.2012,5.00,5.00,4.90,5.00,71085,355170
25.05.2012,5.00,5.00,4.99,5.00,36289,181405
24.05.2012,5.00,5.00,5.00,5.00,198563,992815
23.05.2012,5.00,5.01,4.90,5.00,181468,907043
22.05.2012,5.03,5.04,4.92,5.01,88230,441157
21.05.2012,4.82,4.90,4.80,4.90,166466,811159
18.05.2012,4.77,4.83,4.68,4.83,117958,567763
17.05.2012,4.79,4.83,4.75,4.82,67038,321874
16.05.2012,4.79,4.80,4.75,4.80,63943,306370
15.05.2012,4.79,4.80,4.78,4.80,75600,362746
14.05.2012,4.81,4.84,4.76,4.79,41923,200419
11.05.2012,4.76,4.80,4.75,4.80,222296,1066436
10.05.2012,4.78,4.80,4.76,4.80,103247,494348
09.05.2012,4.77,4.81,4.77,4.80,118016,566528
08.05.2012,4.79,4.82,4.76,4.80,100765,484155
07.05.2012,4.67,4.80,4.67,4.79,121208,577682
04.05.2012,4.67,4.70,4.65,4.70,10074,47170
02.05.2012,4.69,4.70,4.69,4.70,22530,105880
30.04.2012,4.70,4.75,4.68,4.70,320700,1507174
27.04.2012,4.70,4.72,4.69,4.70,428931,2016069
26.04.2012,4.70,4.70,4.68,4.70,57904,272130
25.04.2012,4.70,4.71,4.69,4.71,37079,174258
24.04.2012,4.71,4.71,4.68,4.70,33208,155996
23.04.2012,4.73,4.98,4.69,4.70,67942,321905
20.04.2012,4.79,4.80,4.73,4.78,90084,430011
19.04.2012,4.73,4.83,4.73,4.80,76053,363596
18.04.2012,4.79,4.83,4.73,4.80,51363,246132
17.04.2012,4.72,4.80,4.71,4.79,39823,190364
16.04.2012,4.81,4.90,4.67,4.78,58978,281485
13.04.2012,4.70,4.90,4.70,4.80,37633,180333
12.04.2012,4.85,4.88,4.69,4.88,28000,134440
11.04.2012,4.90,4.99,4.86,4.89,20199,98867
10.04.2012,5.00,5.09,4.95,4.99,8153,40528
05.04.2012,5.09,5.09,5.08,5.08,141188,718435
04.04.2012,4.96,5.07,4.83,4.96,110351,547770
03.04.2012,5.16,5.16,5.03,5.09,8463,42952
02.04.2012,5.09,5.16,5.00,5.16,63760,327546
30.03.2012,5.10,5.10,5.04,5.10,60966,310700
29.03.2012,5.04,5.11,5.03,5.10,62549,318518
28.03.2012,5.07,5.16,5.05,5.09,4177,21185
27.03.2012,5.12,5.15,5.02,5.15,64926,333292
26.03.2012,5.08,5.14,4.99,5.14,40480,204457
23.03.2012,5.05,5.11,4.99,5.10,13293,67425
22.03.2012,5.18,5.18,5.00,5.08,18108,91239
21.03.2012,5.16,5.25,5.14,5.15,37816,196147
20.03.2012,5.00,5.26,4.98,5.14,134333,691538
19.03.2012,5.10,5.10,5.03,5.05,12986,65631
16.03.2012,5.04,5.10,4.91,5.10,41157,205330
15.03.2012,5.06,5.09,5.02,5.02,10701,54070
14.03.2012,5.09,5.11,5.07,5.09,180791,921457
13.03.2012,5.13,5.14,5.06,5.09,58308,296485
12.03.2012,5.07,5.11,5.02,5.10,250239,1274718
09.03.2012,5.11,5.12,5.04,5.12,196385,1000094
08.03.2012,4.99,5.10,4.98,5.10,33016,166941
07.03.2012,4.99,5.08,4.94,5.03,6020,30095
06.03.2012,4.89,4.99,4.82,4.98,19522,95600
05.03.2012,4.99,5.10,4.90,4.90,49563,247896
02.03.2012,4.99,5.00,4.95,5.00,243043,1215098
01.03.2012,4.92,5.00,4.90,5.00,12878,63411
29.02.2012,4.94,5.03,4.90,5.00,23912,118572
28.02.2012,5.05,5.05,4.88,5.02,10763,53350
27.02.2012,4.95,5.08,4.83,4.98,22072,110544
24.02.2012,5.09,5.19,4.81,5.09,28515,141990
23.02.2012,5.03,5.10,5.03,5.10,1100,5603
22.02.2012,5.08,5.17,5.01,5.10,18366,93497
21.02.2012,5.19,5.19,5.10,5.12,29270,149670
20.02.2012,5.10,5.20,5.06,5.19,46204,237718
17.02.2012,4.94,5.10,4.90,5.06,88116,442639
16.02.2012,4.75,4.90,4.72,4.90,51888,250190
15.02.2012,4.85,4.85,4.74,4.85,10568,50838
14.02.2012,4.75,4.83,4.74,4.83,5703,27351
13.02.2012,4.80,4.85,4.71,4.83,30938,147800
10.02.2012,4.75,4.81,4.72,4.81,29220,138458
09.02.2012,4.86,4.86,4.63,4.86,24647,116718
08.02.2012,4.89,4.89,4.73,4.79,25016,118990
07.02.2012,4.81,4.81,4.70,4.80,28205,133731
06.02.2012,4.77,4.84,4.77,4.80,46149,221619
03.02.2012,4.74,4.74,4.64,4.70,11029,51806
02.02.2012,4.80,4.80,4.71,4.77,12445,59241
01.02.2012,4.84,4.84,4.75,4.79,13871,66714
31.01.2012,4.55,4.83,4.55,4.72,21094,98067
30.01.2012,4.60,4.60,4.47,4.60,3933,17956
27.01.2012,4.63,4.63,4.45,4.60,13341,60038
26.01.2012,4.54,4.71,4.50,4.50,38783,179582
25.01.2012,4.49,4.54,4.45,4.54,86300,387730
24.01.2012,4.43,4.50,4.42,4.48,21842,97080
23.01.2012,4.36,4.49,4.36,4.45,26574,118316
20.01.2012,4.50,4.50,4.40,4.50,23280,103955
19.01.2012,4.53,4.53,4.40,4.50,8690,38759
18.01.2012,4.45,4.52,4.45,4.51,30045,134915
17.01.2012,4.59,4.59,4.44,4.45,32250,144024
16.01.2012,4.45,4.45,4.44,4.45,2509,11160
13.01.2012,4.54,4.55,4.43,4.45,31822,143642
12.01.2012,4.55,4.60,4.51,4.54,34170,155250
11.01.2012,4.49,4.59,4.45,4.55,36814,165733
10.01.2012,4.50,4.50,4.39,4.44,55421,247342
09.01.2012,4.40,4.50,4.37,4.46,33518,148932
05.01.2012,4.29,4.36,4.29,4.34,43132,186902
04.01.2012,4.33,4.34,4.18,4.22,78358,333894
03.01.2012,4.13,4.33,4.13,4.23,19542,82921
02.01.2012,4.10,4.19,4.05,4.17,25251,105510
30.12.2011,4.16,4.33,4.09,4.10,179062,740004
29.12.2011,4.21,4.29,4.12,4.16,116220,486366
28.12.2011,4.25,4.30,4.21,4.21,136968,584149
27.12.2011,4.20,4.28,4.06,4.28,153095,637008
23.12.2011,4.15,4.15,4.09,4.15,37664,155602
22.12.2011,4.10,4.13,3.92,4.10,139105,568400
21.12.2011,4.10,4.10,4.10,4.10,36001,147604
20.12.2011,4.18,4.19,4.10,4.13,209112,865937
19.12.2011,4.19,4.19,4.06,4.19,31698,132455
16.12.2011,4.17,4.19,4.15,4.19,259689,1085044
15.12.2011,4.20,4.20,4.13,4.20,196974,827176
14.12.2011,4.25,4.30,4.20,4.20,261022,1102420
13.12.2011,4.30,4.33,4.19,4.19,107075,456090
12.12.2011,4.27,4.50,4.10,4.20,532513,2282262
09.12.2011,4.25,4.28,4.19,4.19,24121,102429
08.12.2011,4.20,4.36,4.20,4.36,335,1413
07.12.2011,4.20,4.29,4.20,4.29,7751,33004
06.12.2011,4.46,4.46,4.22,4.29,38344,163731
05.12.2011,4.50,4.60,4.30,4.42,18701,83124
02.12.2011,4.35,4.57,4.20,4.55,127370,571745
01.12.2011,4.10,4.36,4.05,4.36,107976,463306
30.11.2011,4.19,4.19,4.08,4.15,36462,151310
29.11.2011,4.22,4.22,4.15,4.15,47460,198965
28.11.2011,4.39,4.39,4.09,4.20,48458,202021
25.11.2011,4.43,4.50,4.15,4.15,187656,825115
24.11.2011,4.30,4.30,4.19,4.20,32859,138016
23.11.2011,4.32,4.32,4.18,4.19,21607,90838
22.11.2011,4.45,4.45,4.20,4.23,23861,102895
21.11.2011,21.40,21.40,20.75,21.14,3397,72074
18.11.2011,21.08,21.08,20.81,21.00,4667,97801
17.11.2011,22.10,22.10,21.15,21.49,1526,32971
16.11.2011,22.50,22.90,22.50,22.50,24443,557980
15.11.2011,22.01,22.50,22.00,22.50,14269,320752
14.11.2011,22.12,22.60,22.12,22.50,2026,45566
10.11.2011,22.41,22.50,22.01,22.50,5694,127719
09.11.2011,22.50,22.50,22.16,22.50,173,3859
08.11.2011,22.98,22.98,22.25,22.97,10142,233011
07.11.2011,22.85,22.85,22.16,22.47,19612,444835
04.11.2011,22.60,23.20,22.45,22.66,24840,568312
03.11.2011,22.00,23.00,21.82,22.96,49493,1133033
02.11.2011,21.00,22.64,20.56,22.50,11626,254531
31.10.2011,21.60,21.80,20.51,21.80,25096,544356
28.10.2011,20.00,21.00,20.00,21.00,15022,309914
27.10.2011,19.50,20.00,19.50,20.00,17151,339656
26.10.2011,18.90,19.46,18.81,19.46,37125,711399
25.10.2011,18.99,19.50,18.86,19.45,2898,55175
24.10.2011,18.52,19.65,18.52,19.00,3717,70016
21.10.2011,18.99,18.99,18.45,18.95,560,10579
20.10.2011,18.83,18.83,18.36,18.83,1853,34668
19.10.2011,18.87,18.87,18.61,18.85,1091,20510
18.10.2011,18.71,18.90,18.56,18.90,2700,50438
17.10.2011,19.40,19.40,18.63,19.00,6723,127489
14.10.2011,19.40,19.40,18.88,18.90,1295,24614
13.10.2011,19.00,19.00,19.00,19.00,11320,215080
12.10.2011,18.56,19.50,18.34,18.90,7694,145801
11.10.2011,18.35,18.95,18.31,18.95,750,14089
10.10.2011,18.45,18.79,18.45,18.79,270,5016
07.10.2011,19.70,19.70,18.35,18.35,9261,173981
06.10.2011,19.00,19.00,18.35,19.00,29015,544723
05.10.2011,18.00,19.50,18.00,19.00,9428,175327
04.10.2011,18.05,18.29,17.85,18.28,1575,28316
03.10.2011,18.16,18.40,17.60,18.40,4623,83838
30.09.2011,18.17,18.68,18.00,18.60,1850,33662
29.09.2011,18.35,18.35,18.20,18.30,2481,45224
28.09.2011,18.50,18.50,17.75,18.40,2695,49003
27.09.2011,18.10,18.27,17.96,18.02,14798,267293
26.09.2011,18.65,18.65,17.80,17.99,18933,340827
23.09.2011,18.95,18.95,17.35,17.82,10962,198403
22.09.2011,18.70,19.80,17.50,18.90,7125,134041
21.09.2011,19.21,19.90,18.80,19.00,7558,143492
20.09.2011,17.62,19.22,17.62,19.22,8764,157540
19.09.2011,17.40,17.48,17.05,17.48,4882,84206
16.09.2011,17.75,17.75,17.15,17.25,16947,292539
15.09.2011,17.76,17.99,17.25,17.29,24515,426560
14.09.2011,17.99,17.99,17.15,17.34,17651,305165
13.09.2011,18.90,18.90,17.03,17.66,15323,269123
12.09.2011,18.25,18.25,16.70,17.96,7453,129754
09.09.2011,19.25,19.25,18.41,18.42,9150,169653
08.09.2011,19.30,19.40,18.85,19.40,3467,66205
07.09.2011,19.50,19.85,19.25,19.45,4325,84168
06.09.2011,20.40,20.40,19.25,19.45,45769,918117
05.09.2011,21.35,21.50,20.00,20.44,26170,547828
02.09.2011,21.86,21.97,21.00,21.30,13465,292577
01.09.2011,21.49,21.75,21.11,21.43,13350,286118
31.08.2011,22.10,22.10,21.00,21.39,15844,346789
30.08.2011,22.10,22.75,21.40,21.40,26921,589285
29.08.2011,21.46,21.94,21.43,21.94,7898,171530
26.08.2011,21.31,21.94,21.25,21.94,15755,340747
25.08.2011,21.31,22.18,21.06,22.00,20838,451244
24.08.2011,22.00,22.35,20.86,22.35,15047,326996
23.08.2011,22.24,22.25,22.24,22.24,1207,26844
22.08.2011,22.30,22.30,21.25,22.15,1478,32405
19.08.2011,21.89,22.30,20.80,21.70,4638,101252
18.08.2011,22.40,22.40,21.80,22.38,2353,52117
17.08.2011,21.90,23.48,21.90,22.40,8055,181121
16.08.2011,20.13,22.00,19.81,22.00,8222,177232
12.08.2011,18.39,20.15,18.34,20.15,5176,99972
11.08.2011,18.48,19.20,17.45,17.99,28251,507169
10.08.2011,18.90,20.19,17.00,17.00,9987,182259
09.08.2011,19.61,20.89,17.75,18.95,13812,259378
08.08.2011,22.00,22.00,20.16,20.90,6851,144589
05.08.2011,22.89,22.89,21.80,22.40,9986,221458
04.08.2011,23.50,23.79,21.16,23.15,8991,203577
03.08.2011,23.71,23.97,23.00,23.50,794,18690
02.08.2011,23.60,24.59,23.60,24.30,350,8420
01.08.2011,23.80,24.70,23.65,24.66,7896,189616
29.07.2011,23.89,23.90,23.11,23.78,3978,94851
28.07.2011,22.60,23.96,22.60,23.89,2396,56748
27.07.2011,23.15,23.99,23.15,23.50,3070,72066
26.07.2011,23.99,24.48,23.84,23.98,1166,27902
25.07.2011,24.70,24.70,23.35,23.86,2033,48277
22.07.2011,24.09,24.78,23.97,24.50,1232,29917
21.07.2011,23.00,24.12,22.98,24.10,4551,107769
20.07.2011,23.00,23.28,22.50,23.28,3054,70346
19.07.2011,24.00,24.49,22.40,23.30,6405,146482
18.07.2011,24.47,25.00,23.60,23.98,3076,74680
15.07.2011,24.50,24.89,24.50,24.89,1464,36190
14.07.2011,24.32,25.00,23.83,25.00,8947,217688
13.07.2011,24.90,25.00,24.35,25.00,6166,152832
12.07.2011,24.78,24.80,23.55,24.80,2002,49363
11.07.2011,23.96,25.00,23.96,24.50,4905,119680
08.07.2011,23.15,24.00,23.03,23.87,6301,147518
07.07.2011,22.86,23.98,22.80,23.50,11772,272571
06.07.2011,22.05,22.86,22.05,22.86,106,2371
05.07.2011,22.33,22.86,22.33,22.86,110,2462
04.07.2011,22.88,22.88,22.88,22.88,160,3661
30.06.2011,22.60,22.88,22.22,22.88,310,7077
29.06.2011,22.57,22.89,22.54,22.54,6000,135429
28.06.2011,22.80,22.99,22.80,22.99,9011,205643
27.06.2011,22.03,23.00,22.03,22.98,12688,286908
24.06.2011,22.50,23.00,21.60,23.00,14091,312697
22.06.2011,23.30,23.40,22.64,23.00,8711,198691
21.06.2011,23.00,23.49,22.65,23.30,5323,122454
20.06.2011,22.36,23.08,22.36,23.00,2598,59646
17.06.2011,23.24,23.24,22.60,23.09,3207,73486
16.06.2011,23.50,23.60,23.30,23.49,1667,39136
15.06.2011,24.00,24.00,23.65,23.99,363,8709
14.06.2011,24.55,24.73,23.80,24.38,10514,254147
13.06.2011,24.62,24.89,24.48,24.54,11382,280174
10.06.2011,24.66,25.00,24.55,24.99,7445,184571
09.06.2011,24.90,25.00,24.60,25.00,2155,53418
08.06.2011,24.55,24.94,24.55,24.94,1471,36123
07.06.2011,24.61,24.80,24.35,24.80,3405,83640
06.06.2011,24.74,25.00,24.10,24.80,30018,736636
03.06.2011,24.94,24.94,24.76,24.76,500,12428
02.06.2011,24.82,24.95,24.80,24.95,1612,40090
01.06.2011,24.84,25.00,24.82,25.00,573,14296
31.05.2011,24.90,24.99,24.90,24.99,670,16707
30.05.2011,24.81,24.99,24.81,24.81,163,4044
27.05.2011,24.99,24.99,24.82,24.99,781,19462
26.05.2011,24.85,25.00,24.85,24.99,3200,79900
25.05.2011,24.95,25.33,24.83,25.19,9730,242808
24.05.2011,25.00,25.33,24.60,24.99,3981,99003
23.05.2011,24.90,25.10,24.69,25.10,2785,69143
20.05.2011,25.20,25.49,24.87,24.91,18346,459991
19.05.2011,24.95,25.48,24.91,25.47,2924,73057
18.05.2011,24.85,25.50,24.80,25.07,11373,283276
17.05.2011,25.57,25.95,24.90,24.90,3383,84687
16.05.2011,24.82,25.70,24.82,25.42,9988,253335
13.05.2011,25.15,26.00,24.82,25.99,7734,195165
12.05.2011,25.00,25.10,24.91,25.10,800,19973
11.05.2011,25.00,25.20,24.91,25.19,1755,44120
10.05.2011,24.91,25.20,24.91,25.15,2141,53506
09.05.2011,24.99,25.29,24.91,25.00,1396,34926
06.05.2011,24.90,25.10,24.90,25.10,3844,96323
05.05.2011,25.03,25.15,24.82,25.10,4724,117848
04.05.2011,25.25,25.25,24.95,25.21,1459,36602
02.05.2011,24.72,25.50,24.70,25.50,2455,61570
29.04.2011,24.72,24.96,24.72,24.96,531,13183
28.04.2011,24.99,25.10,24.68,24.99,11819,293116
27.04.2011,25.00,25.10,24.70,25.00,106222,2655172
26.04.2011,24.72,25.09,24.69,24.99,7940,196929
21.04.2011,24.98,24.98,24.72,24.97,16400,407939
20.04.2011,24.80,24.94,24.65,24.94,2476,61499
19.04.2011,24.71,25.00,24.71,24.73,1721,42692
18.04.2011,25.00,25.00,24.66,25.00,58722,1465937
15.04.2011,25.00,25.00,24.55,25.00,9826,243618
14.04.2011,24.90,25.10,24.90,25.07,4678,116831
13.04.2011,25.14,25.14,25.00,25.00,1607,40191
12.04.2011,24.70,25.11,24.70,25.09,4195,105191
11.04.2011,24.95,25.14,24.95,25.10,3908,97791
08.04.2011,25.10,25.10,24.62,24.90,2114,52622
07.04.2011,24.90,25.00,24.63,24.87,9900,246121
06.04.2011,24.85,24.85,24.58,24.62,4816,118603
05.04.2011,24.75,24.75,24.50,24.75,2883,70975
04.04.2011,24.80,25.00,24.75,24.75,2437,60821
01.04.2011,24.66,24.90,24.61,24.90,3733,92520
31.03.2011,24.72,24.89,24.62,24.89,3072,75937
30.03.2011,24.72,24.98,24.72,24.98,3272,81497
29.03.2011,24.80,25.09,24.80,25.09,1660,41298
28.03.2011,24.98,25.20,24.70,25.20,2618,65481
25.03.2011,24.86,25.06,24.64,25.06,4174,103566
24.03.2011,25.25,25.25,24.88,25.15,8676,217821
23.03.2011,24.69,25.29,24.67,25.25,11645,289681
22.03.2011,24.90,25.33,24.90,25.15,1281,31903
21.03.2011,24.99,25.35,24.51,25.08,3695,91668
18.03.2011,24.50,24.99,24.50,24.99,3828,93989
17.03.2011,24.22,24.50,24.21,24.49,880,21395
16.03.2011,24.49,24.50,24.07,24.49,2064,50141
15.03.2011,24.49,24.50,23.95,24.40,4310,104047
14.03.2011,23.90,24.48,23.84,24.29,4264,102673
11.03.2011,23.80,24.28,23.78,24.27,1481,35427
10.03.2011,24.15,24.20,23.74,24.19,1738,41644
09.03.2011,23.99,24.34,23.75,24.09,14695,352222
07.03.2011,23.94,24.08,23.79,24.07,1039,24824
04.03.2011,24.37,24.37,23.97,24.00,1626,39498
03.03.2011,24.37,24.37,23.95,24.00,2293,55068
02.03.2011,24.40,24.90,23.86,24.08,3976,95598
01.03.2011,24.08,24.30,23.88,24.28,4612,110794
28.02.2011,24.10,24.40,24.04,24.04,1562,37608
25.02.2011,24.10,24.44,24.04,24.39,2787,67140
24.02.2011,24.10,24.29,24.00,24.29,13243,318755
23.02.2011,24.30,24.48,24.05,24.48,6067,146616
22.02.2011,24.15,24.99,24.04,24.49,37956,920180
21.02.2011,24.26,24.50,24.06,24.50,27111,659498
18.02.2011,24.51,24.72,24.03,24.40,41816,1018701
17.02.2011,24.65,24.99,24.50,24.80,3551,87382
16.02.2011,24.75,24.75,24.70,24.70,385,9517
15.02.2011,24.98,25.00,24.79,24.90,2533,62889
14.02.2011,24.81,24.81,24.80,24.80,405,10047
11.02.2011,24.81,25.00,24.81,25.00,1285,32054
10.02.2011,24.99,25.00,24.99,25.00,73,1824
09.02.2011,25.00,25.00,25.00,25.00,179,4475
08.02.2011,24.99,25.00,24.83,25.00,1129,28155
07.02.2011,25.00,25.00,24.55,25.00,2289,56752
04.02.2011,24.95,24.99,24.80,24.80,4621,114702
03.02.2011,24.91,25.80,24.90,25.00,34417,860682
02.02.2011,24.90,25.00,24.75,25.00,3402,84681
01.02.2011,25.80,25.80,24.91,24.98,7144,182476
31.01.2011,24.84,25.05,24.80,25.00,18495,459732
28.01.2011,24.82,25.09,24.82,25.07,352,8753
27.01.2011,25.15,25.15,24.84,25.10,394,9864
26.01.2011,25.20,25.45,25.00,25.30,71398,1791789
25.01.2011,25.20,25.45,25.10,25.30,7555,189860
24.01.2011,25.22,25.48,25.13,25.20,4838,121967
21.01.2011,25.59,25.60,25.29,25.30,4660,118484
20.01.2011,25.65,25.65,25.31,25.60,6324,161241
19.01.2011,25.28,25.65,25.16,25.65,21437,547594
18.01.2011,25.65,25.90,25.49,25.65,8364,214575
17.01.2011,25.89,25.89,25.47,25.65,13434,343761
14.01.2011,25.91,25.94,25.50,25.67,8644,223635
13.01.2011,25.56,25.56,25.17,25.56,8676,220541
12.01.2011,25.50,25.60,25.50,25.55,13392,341538
11.01.2011,25.16,25.55,25.02,25.50,9574,243320
10.01.2011,25.15,25.47,25.07,25.40,7597,191422
07.01.2011,25.25,25.75,25.24,25.49,21254,542467
05.01.2011,25.49,25.60,25.11,25.60,3150,79767
04.01.2011,25.55,25.55,25.33,25.54,1152,29358
03.01.2011,25.96,25.96,25.02,25.79,2785,70596
31.12.2010,25.52,25.56,25.22,25.56,2484,63188
30.12.2010,25.76,25.77,25.56,25.56,13935,357311
29.12.2010,25.50,25.80,25.32,25.76,6070,309631
28.12.2010,25.24,25.50,25.19,25.50,16685,847941
27.12.2010,25.02,25.50,25.02,25.50,6184,312211
23.12.2010,25.48,25.48,25.16,25.42,784,39702
22.12.2010,25.40,25.40,25.15,25.39,593,30039
21.12.2010,25.48,25.48,25.14,25.39,2762,139334
20.12.2010,25.12,25.48,25.12,25.48,2102,106306
17.12.2010,25.38,25.54,25.31,25.40,9000,458392
16.12.2010,25.50,25.54,25.23,25.54,11714,597580
15.12.2010,25.50,25.50,25.50,25.50,70,3570
14.12.2010,25.50,25.50,25.49,25.49,720,36709
13.12.2010,25.40,25.54,25.12,25.51,7459,379950
10.12.2010,25.45,25.47,25.10,25.46,5878,298734
09.12.2010,25.31,25.50,25.20,25.46,4055,205767
08.12.2010,25.16,25.50,25.16,25.50,100104,5103273
07.12.2010,25.49,25.52,25.26,25.50,8061,410907
06.12.2010,25.06,25.52,25.06,25.39,27833,1417085
03.12.2010,25.00,25.60,25.00,25.50,25602,1304928
02.12.2010,24.80,25.09,24.80,24.99,6345,317185
01.12.2010,25.44,25.50,24.90,24.99,2121,106118
30.11.2010,24.62,25.00,24.62,24.99,2906,144917
29.11.2010,25.00,25.00,24.32,24.94,5057,250959
26.11.2010,25.00,25.05,24.71,25.00,35394,1772220
25.11.2010,24.40,25.10,24.40,25.05,11214,561181
24.11.2010,25.19,25.19,24.82,24.82,14588,729103
23.11.2010,24.98,25.49,24.90,24.90,71619,3608062
22.11.2010,24.94,24.97,24.26,24.97,3078,152421
19.11.2010,24.30,24.99,24.15,24.89,9194,449788
18.11.2010,24.90,25.17,24.15,24.15,1294,64322
17.11.2010,24.56,25.06,24.50,24.77,2213,109411
16.11.2010,25.01,25.10,24.86,25.07,13868,695304
15.11.2010,25.28,25.45,24.62,25.28,8609,432273
12.11.2010,25.01,25.55,25.01,25.28,8271,420357
10.11.2010,25.75,25.75,25.08,25.58,8496,433228
09.11.2010,25.58,25.70,24.11,25.65,41586,2092939
08.11.2010,25.68,25.85,25.60,25.60,14215,730093
05.11.2010,25.60,25.70,25.60,25.70,39556,2027889
04.11.2010,25.46,26.00,25.43,25.65,13529,698604
03.11.2010,25.66,25.70,25.56,25.56,2023,103757
02.11.2010,26.00,26.00,25.60,26.00,14016,726844
29.10.2010,25.90,25.99,25.43,25.99,6765,348699
28.10.2010,25.99,25.99,25.41,25.94,12084,623021
27.10.2010,26.20,26.20,25.82,25.99,3102,161688
26.10.2010,26.00,26.26,25.91,26.20,8463,441910
25.10.2010,26.20,26.30,26.01,26.01,11449,600648
22.10.2010,26.15,26.39,25.82,26.30,42901,2244718
21.10.2010,26.05,26.30,25.80,26.15,6502,339766
20.10.2010,25.55,26.20,25.55,25.77,3783,196476
19.10.2010,26.10,26.25,25.70,26.10,15201,789318
18.10.2010,26.27,26.27,25.55,26.10,34479,1786588
15.10.2010,26.34,26.34,26.00,26.29,8179,427209
14.10.2010,26.35,26.50,25.81,26.34,8318,436672
13.10.2010,26.50,26.50,26.01,26.30,13327,701065
12.10.2010,25.29,26.47,25.29,26.40,97643,5036576
11.10.2010,25.40,25.50,25.10,25.40,7320,371627
08.10.2010,25.50,25.50,25.50,25.50,3557,181407
07.10.2010,25.06,25.50,24.90,25.40,29061,1464739
06.10.2010,25.13,25.41,25.05,25.35,4778,240289
05.10.2010,25.60,25.60,24.90,25.48,8617,432909
04.10.2010,25.43,25.64,25.29,25.29,3643,185017
01.10.2010,25.31,26.00,25.31,25.68,6755,346988
30.09.2010,25.22,26.00,25.22,26.00,48225,2482572
29.09.2010,25.45,25.70,25.32,25.70,3670,186847
28.09.2010,25.37,25.61,25.25,25.60,3691,186936
27.09.2010,25.37,25.88,25.30,25.35,6690,340142
24.09.2010,25.20,25.96,25.19,25.19,6898,352818
23.09.2010,25.22,25.98,25.21,25.96,6041,310951
22.09.2010,25.93,26.00,25.45,26.00,7294,377594
21.09.2010,25.94,26.08,25.94,26.08,2976,154662
20.09.2010,25.12,26.10,25.12,26.10,12560,645510
17.09.2010,25.57,26.28,25.57,26.00,6188,320092
16.09.2010,25.52,26.00,25.40,26.00,8511,436864
15.09.2010,25.56,26.00,24.70,25.90,3839,196593
14.09.2010,25.42,25.90,25.42,25.90,275,14043
13.09.2010,25.94,26.00,25.45,25.88,1371,70823
10.09.2010,26.00,26.00,25.34,25.95,5590,285483
09.09.2010,26.00,26.00,25.60,25.91,10395,536737
08.09.2010,26.50,26.50,26.00,26.00,27511,1440994
07.09.2010,26.22,26.74,26.10,26.70,1315,69267
06.09.2010,26.27,26.79,26.27,26.49,7858,416790
03.09.2010,26.00,26.50,26.00,26.50,8064,420396
02.09.2010,25.51,26.00,25.41,26.00,3362,172355
01.09.2010,26.15,26.15,25.56,25.56,1219,62814
31.08.2010,25.51,26.10,25.25,26.10,32771,1676409
30.08.2010,26.07,26.07,25.51,26.07,3488,179783
27.08.2010,26.00,26.20,25.69,26.09,945,49025
26.08.2010,26.20,26.70,26.04,26.04,29272,1533812
25.08.2010,26.14,26.50,26.12,26.20,779,40846
24.08.2010,26.93,26.93,26.11,26.51,7574,402882
23.08.2010,26.48,27.00,26.48,26.51,4050,216622
19.08.2010,26.87,26.88,26.48,26.48,1014,53925
18.08.2010,27.00,27.00,26.52,26.94,1455,77667
17.08.2010,26.47,26.99,26.45,26.98,664,35323
16.08.2010,27.18,27.18,26.51,26.58,1375,73700
13.08.2010,26.60,27.19,26.50,27.19,6686,359548
12.08.2010,26.26,27.00,26.26,27.00,9546,506129
11.08.2010,26.23,26.90,26.23,26.75,1662,88827
10.08.2010,26.21,26.78,26.19,26.69,3740,196536
09.08.2010,26.51,26.95,26.45,26.46,5321,282063
06.08.2010,26.41,27.45,26.32,26.50,20082,1068493
05.08.2010,27.54,27.54,26.55,26.57,6889,370652
04.08.2010,27.09,28.00,26.70,27.10,18717,1021801
03.08.2010,26.30,27.21,26.15,27.00,13719,737530
02.08.2010,26.21,26.45,26.10,26.45,5677,297669
30.07.2010,26.29,26.30,26.22,26.30,316,16614
29.07.2010,26.28,26.30,26.13,26.30,7030,369501
28.07.2010,26.10,26.35,26.10,26.29,1399,73274
27.07.2010,26.37,26.44,26.19,26.24,4313,226656
26.07.2010,26.20,26.38,26.16,26.37,20468,1074744
23.07.2010,26.15,26.46,26.11,26.38,20401,1073892
22.07.2010,26.00,26.24,25.95,26.24,11453,597542
21.07.2010,25.88,26.10,25.81,26.10,11751,610458
20.07.2010,25.75,26.00,25.72,26.00,980,50527
19.07.2010,25.90,26.09,25.90,26.08,412,21400
16.07.2010,25.46,26.09,25.46,26.07,1920,99149
15.07.2010,26.00,26.10,25.61,25.65,2940,151797
14.07.2010,26.30,26.30,25.73,26.10,2199,114427
13.07.2010,26.00,26.09,25.84,26.09,2100,109119
12.07.2010,26.24,26.24,25.98,26.08,15620,819157
09.07.2010,26.21,26.50,25.90,26.34,32026,1683228
08.07.2010,26.26,26.26,25.92,26.22,1584,82746
07.07.2010,26.08,26.29,25.84,26.24,33216,1734603
06.07.2010,26.00,26.17,25.69,26.07,20523,1066653
05.07.2010,25.51,26.10,25.51,25.69,6309,326474
02.07.2010,25.20,26.10,25.11,26.00,2740,139714
01.07.2010,25.57,25.87,25.40,25.46,3876,197791
30.06.2010,25.61,26.10,25.21,26.00,22234,1140622
29.06.2010,25.67,26.18,25.62,26.00,3102,160073
28.06.2010,25.83,26.19,25.81,25.90,3096,160521
25.06.2010,25.85,26.26,25.85,26.20,16537,864523
24.06.2010,25.73,26.32,25.70,26.18,14666,765177
23.06.2010,26.10,26.40,25.80,26.30,8237,431847
22.06.2010,26.40,26.66,26.00,26.50,4838,253189
21.06.2010,25.92,26.50,25.92,26.50,19227,1016089
18.06.2010,25.92,26.43,25.92,26.30,17987,944881
17.06.2010,25.83,26.36,25.79,26.29,5076,264463
16.06.2010,26.34,26.34,25.90,26.27,3124,163715
15.06.2010,25.91,26.35,25.91,26.35,13770,721852
14.06.2010,25.80,26.40,25.80,26.40,26965,1413380
11.06.2010,26.38,26.38,25.91,26.15,3028,157877
10.06.2010,25.60,26.43,25.60,26.40,31849,1657796
09.06.2010,25.81,25.92,25.72,25.90,4574,235801
08.06.2010,26.15,26.15,25.92,25.92,51412,2667282
07.06.2010,25.55,26.15,25.55,26.10,27960,1456621
04.06.2010,26.00,26.15,25.80,26.09,28657,1488790
02.06.2010,25.85,26.00,25.82,26.00,23739,1233885
01.06.2010,26.19,26.19,25.70,26.00,51450,2673481
31.05.2010,25.80,26.18,25.63,26.18,46690,2419229
28.05.2010,25.79,25.79,25.45,25.75,10123,519669
27.05.2010,25.20,25.81,24.80,25.50,31591,1606798
26.05.2010,24.30,24.90,24.16,24.90,10188,505832
25.05.2010,24.44,24.44,24.00,24.16,5845,281277
24.05.2010,23.75,24.50,23.75,24.50,6829,328377
21.05.2010,23.00,23.87,22.73,23.50,7501,346168
20.05.2010,23.52,24.00,23.00,23.00,3822,178300
19.05.2010,24.84,24.85,24.10,24.14,723,35070
18.05.2010,24.25,24.90,24.20,24.89,4495,220348
17.05.2010,24.50,24.88,24.05,24.88,2277,110913
14.05.2010,24.52,24.99,24.40,24.80,2432,119719
13.05.2010,25.33,25.33,24.51,24.51,53522,2690209
12.05.2010,25.40,25.40,24.72,25.30,676,33929
11.05.2010,25.00,25.38,24.71,25.37,9968,499204
10.05.2010,25.30,25.50,24.86,25.35,8175,412264
07.05.2010,24.70,25.30,24.32,25.30,10176,503379
06.05.2010,24.61,25.30,24.55,25.30,10359,518047
05.05.2010,24.87,25.30,24.55,25.30,5360,267077
04.05.2010,25.50,25.50,24.80,25.50,5492,276672
30.04.2010,25.30,25.50,25.00,25.50,13082,663930
29.04.2010,24.25,25.29,24.00,25.29,20033,988010
28.04.2010,24.62,24.80,24.00,24.68,46155,2260253
27.04.2010,24.01,24.68,24.01,24.47,3028,147345
26.04.2010,24.10,24.70,23.73,24.67,11696,570853
23.04.2010,24.60,24.64,24.00,24.00,24680,1207579
22.04.2010,24.33,24.80,24.15,24.50,4188,204012
21.04.2010,24.89,24.98,24.41,24.50,3838,189366
20.04.2010,24.60,24.89,24.43,24.89,4458,220290
19.04.2010,24.55,24.73,24.06,24.70,11906,581784
16.04.2010,24.50,24.85,24.27,24.70,7995,393955
15.04.2010,24.72,24.72,24.23,24.27,1469,71971
14.04.2010,24.37,24.74,24.01,24.70,5287,259844
13.04.2010,24.35,24.74,23.97,24.37,5886,285192
12.04.2010,23.63,24.78,23.63,24.38,6599,318459
09.04.2010,23.86,24.30,23.85,24.00,1605,77177
08.04.2010,23.56,24.31,23.55,24.31,750,35657
07.04.2010,24.43,24.98,24.31,24.31,2927,143860
06.04.2010,24.90,24.90,24.39,24.89,10625,525743
01.04.2010,24.32,25.48,24.32,24.86,111521,5597774
31.03.2010,24.05,24.76,24.01,24.72,3388,166574
30.03.2010,24.55,24.79,24.11,24.30,7502,364927
29.03.2010,24.31,24.90,24.17,24.55,1531,74885
26.03.2010,24.52,24.92,24.35,24.89,9255,458044
25.03.2010,24.90,24.90,24.35,24.90,3745,183989
24.03.2010,24.98,25.07,24.54,24.98,977,48270
23.03.2010,24.81,25.00,24.51,25.00,1768,88007
22.03.2010,24.78,25.08,24.78,24.80,377,18780
19.03.2010,24.50,24.85,24.43,24.84,1201,59416
18.03.2010,24.84,25.38,24.45,24.97,6654,327544
17.03.2010,25.89,25.89,24.90,24.90,8389,424997
16.03.2010,25.50,25.92,25.14,25.92,12371,635952
15.03.2010,24.42,25.00,24.06,25.00,14586,718614
12.03.2010,24.01,24.60,24.00,24.26,4085,198914
11.03.2010,24.01,24.32,23.91,24.14,5278,254002
10.03.2010,24.08,24.60,24.06,24.16,16639,811367
09.03.2010,24.04,24.45,23.87,24.40,5274,253844
08.03.2010,24.28,24.55,23.80,24.36,47805,2316184
05.03.2010,23.89,24.29,23.60,24.28,5336,254435
04.03.2010,23.75,24.10,23.50,23.89,3558,169307
03.03.2010,23.51,23.82,23.51,23.75,1227,57912
02.03.2010,24.38,24.38,23.70,23.70,4127,198666
01.03.2010,24.33,24.39,23.92,24.16,2712,131020
26.02.2010,23.86,24.34,23.86,24.33,1949,93803
25.02.2010,24.15,24.40,23.83,24.34,2784,134102
24.02.2010,24.35,24.56,23.71,24.00,53545,2617980
23.02.2010,24.25,24.60,24.10,24.36,2166,105973
22.02.2010,24.52,24.52,23.81,24.39,4322,210030
19.02.2010,23.75,24.49,23.75,24.49,7039,342194
18.02.2010,23.66,24.20,23.66,24.12,40012,1929270
17.02.2010,23.47,24.15,23.47,24.14,15569,742577
16.02.2010,23.30,23.95,23.30,23.84,5099,243137
15.02.2010,23.16,23.90,23.15,23.65,13514,638435
12.02.2010,23.50,23.74,23.50,23.65,1810,85133
11.02.2010,23.60,23.68,23.12,23.50,22376,1054310
10.02.2010,23.40,23.68,23.10,23.60,14204,669299
09.02.2010,22.40,23.49,22.40,23.19,6915,323275
08.02.2010,23.50,23.50,22.32,23.15,5594,256156
05.02.2010,21.90,22.95,21.05,22.95,11246,491739
04.02.2010,22.56,23.18,22.40,22.40,3058,138320
03.02.2010,23.36,23.55,23.00,23.00,5121,237679
02.02.2010,23.94,23.99,23.65,23.65,3002,142905
01.02.2010,23.30,23.99,23.30,23.99,4335,207140
29.01.2010,23.73,24.04,23.50,23.90,9529,454632
28.01.2010,23.06,24.15,23.05,23.90,6906,329462
27.01.2010,23.12,23.78,23.12,23.50,12604,592582
26.01.2010,23.05,23.80,23.05,23.65,15212,719244
25.01.2010,23.05,24.00,22.15,23.79,16388,751434
22.01.2010,23.23,23.70,23.20,23.50,5740,269936
21.01.2010,23.77,23.90,23.50,23.78,5370,253207
20.01.2010,23.79,24.00,23.45,23.77,4949,234211
19.01.2010,23.39,23.79,23.35,23.79,3412,160416
18.01.2010,23.70,23.78,23.35,23.59,5572,263309
15.01.2010,23.50,23.54,23.28,23.54,9003,421839
14.01.2010,23.50,23.60,23.23,23.55,11203,526341
13.01.2010,23.44,23.55,23.12,23.53,17034,798814
12.01.2010,23.52,23.52,23.25,23.45,14319,669164
11.01.2010,23.01,23.57,23.01,23.49,8425,395075
08.01.2010,23.05,23.30,23.00,23.15,5907,273120
07.01.2010,23.20,23.20,22.97,23.05,1649,76025
06.01.2010,23.20,23.58,23.20,23.47,8926,419125
05.01.2010,22.89,23.40,22.38,23.40,10523,487827
04.01.2010,22.70,23.30,22.70,22.93,5994,275572
31.12.2009,23.50,23.50,23.01,23.08,7496,348031
30.12.2009,22.51,23.19,22.51,23.10,8670,399038
29.12.2009,22.74,22.74,22.00,22.70,7498,336306
28.12.2009,21.48,22.00,21.00,22.00,65026,2752875
23.12.2009,20.81,21.30,20.70,21.22,697545,28950666
22.12.2009,21.21,21.25,20.84,21.10,4899,206243
21.12.2009,21.01,21.50,21.01,21.36,1552,65904
18.12.2009,20.63,21.49,20.63,21.48,53346,2259267
17.12.2009,20.85,21.65,20.62,21.15,27257,1139716
16.12.2009,20.88,21.46,20.30,21.40,19979,830182
15.12.2009,20.80,20.89,20.00,20.89,11363,462861
14.12.2009,21.71,21.71,20.80,20.90,4650,196572
11.12.2009,21.11,21.71,21.11,21.57,2479,105491
10.12.2009,21.10,21.73,21.10,21.64,2758,118329
09.12.2009,22.22,22.22,21.32,21.75,86580,3834591
08.12.2009,22.36,22.77,22.31,22.35,1488,66678
07.12.2009,22.50,22.79,22.50,22.79,570,25662
04.12.2009,22.57,22.96,22.55,22.88,1545,70170
03.12.2009,22.52,23.00,22.42,22.98,9713,438322
02.12.2009,22.51,23.32,22.45,22.94,6861,311186
01.12.2009,22.00,23.50,21.75,23.00,7316,334217
30.11.2009,21.80,22.50,20.71,22.50,62356,2665006
27.11.2009,22.77,22.77,22.05,22.10,3114,138680
26.11.2009,23.11,23.28,22.81,22.96,6118,281166
25.11.2009,23.10,23.89,23.10,23.29,2827,131242
24.11.2009,23.05,23.45,23.01,23.40,7210,335107
23.11.2009,23.21,23.60,23.21,23.47,1853,86974
20.11.2009,23.59,24.00,23.10,23.30,8897,418874
19.11.2009,22.36,23.70,22.36,23.57,5114,239638
18.11.2009,23.00,23.19,22.52,23.07,10095,461331
17.11.2009,24.10,24.46,23.12,23.20,20914,983472
16.11.2009,24.99,25.50,23.75,24.10,35892,1759691
13.11.2009,25.40,25.49,25.10,25.10,1671,84320
12.11.2009,25.80,25.85,25.40,25.70,8881,457108
10.11.2009,25.96,25.96,25.20,25.80,896,45851
09.11.2009,25.57,25.85,24.81,25.80,15074,762757
06.11.2009,25.54,25.99,25.19,25.40,6034,306954
05.11.2009,25.62,26.05,25.57,25.64,37019,1899539
04.11.2009,25.85,26.10,25.60,26.05,4975,256286
03.11.2009,25.56,25.98,25.56,25.84,4927,252386
02.11.2009,25.85,25.85,25.60,25.77,2862,147012
30.10.2009,26.30,26.30,25.85,25.95,38565,2019314
29.10.2009,25.51,26.39,25.51,26.20,23738,1226606
28.10.2009,26.30,26.30,26.02,26.12,2804,146727
27.10.2009,26.34,26.34,26.10,26.29,7295,383221
26.10.2009,26.20,26.20,25.80,26.15,8151,425709
23.10.2009,26.19,26.36,26.00,26.20,36576,1912336
22.10.2009,25.42,26.20,25.42,26.00,46513,2417740
21.10.2009,25.89,25.89,25.13,25.80,22705,1159021
20.10.2009,26.06,26.06,25.75,25.76,6528,337519
19.10.2009,25.78,26.00,25.50,26.00,30387,1556285
16.10.2009,26.09,26.09,25.53,25.83,3495,180366
15.10.2009,26.27,26.27,26.01,26.02,37243,1946849
14.10.2009,25.94,26.27,25.80,26.11,24335,1271091
13.10.2009,25.94,25.94,25.50,25.94,4325,222532
12.10.2009,26.07,26.10,25.57,25.94,5354,277667
09.10.2009,26.00,26.10,25.72,26.07,26916,1398944
08.10.2009,25.75,26.10,25.75,25.98,23095,1196224
07.10.2009,26.08,26.08,25.80,25.97,3868,200298
06.10.2009,26.10,26.18,25.51,25.85,14441,752041
05.10.2009,25.50,26.10,25.42,26.09,20194,1040047
02.10.2009,25.50,26.00,25.50,25.96,11516,591884
01.10.2009,25.86,26.09,25.85,25.98,8236,428265
30.09.2009,25.86,26.10,25.69,26.09,8478,440202
29.09.2009,26.14,26.20,25.62,25.86,14691,766010
28.09.2009,25.27,26.06,25.27,26.06,22424,1149945
25.09.2009,25.97,26.15,25.51,26.05,12778,660851
24.09.2009,25.82,26.30,24.65,25.99,54595,2819430
23.09.2009,26.49,26.49,26.01,26.28,6131,322445
22.09.2009,26.58,26.59,26.11,26.49,14041,742470
21.09.2009,26.64,26.64,25.61,26.46,11377,591471
18.09.2009,26.30,26.88,26.30,26.42,8638,458795
17.09.2009,25.95,26.90,25.90,26.30,37731,1991293
16.09.2009,25.45,25.70,25.30,25.63,11174,569814
15.09.2009,25.29,25.44,24.93,25.44,4811,241667
14.09.2009,25.80,25.80,25.00,25.30,2282,114452
11.09.2009,25.66,25.95,25.20,25.75,6025,309564
10.09.2009,25.97,25.97,25.12,25.75,3452,176046
09.09.2009,25.97,26.00,25.40,26.00,13426,694379
08.09.2009,25.80,26.10,25.50,25.99,11119,576181
07.09.2009,25.99,26.10,25.80,25.90,10909,566084
04.09.2009,26.00,26.09,25.81,25.97,13226,687087
03.09.2009,25.90,26.00,25.72,25.96,8773,454338
02.09.2009,24.91,26.00,24.78,25.97,42770,2173085
01.09.2009,25.70,25.97,24.98,25.75,17142,866902
31.08.2009,25.00,26.15,24.90,25.70,20928,1064422
28.08.2009,25.00,25.20,24.84,24.88,8158,407982
27.08.2009,25.00,25.50,24.90,25.22,8000,401435
26.08.2009,25.50,25.50,24.72,25.00,7970,399275
25.08.2009,25.95,26.00,25.45,25.63,14251,733115
24.08.2009,25.99,26.39,25.80,25.95,16208,841307
21.08.2009,25.04,25.94,24.97,25.77,37847,1910740
20.08.2009,25.45,25.45,25.09,25.27,8721,441372
19.08.2009,25.00,25.12,24.52,24.90,8748,435218
18.08.2009,24.55,25.15,24.55,24.71,14990,745776
17.08.2009,24.50,25.47,24.10,24.70,19311,949598
14.08.2009,26.00,26.00,24.50,24.50,23737,1188484
13.08.2009,25.49,26.66,25.49,25.80,51130,2647198
12.08.2009,25.66,25.66,24.05,25.50,39613,1976397
11.08.2009,26.99,26.99,25.66,25.66,14567,772791
10.08.2009,27.44,27.44,26.51,27.00,7956,427579
07.08.2009,26.89,27.66,26.32,27.47,10473,562837
06.08.2009,26.50,26.90,26.30,26.90,8264,438317
05.08.2009,27.20,27.20,26.40,26.93,11038,589148
04.08.2009,27.40,27.54,26.51,27.10,9677,521010
03.08.2009,26.50,27.90,26.11,27.20,56029,3055997
31.07.2009,26.89,26.89,26.32,26.41,4345,231162
30.07.2009,27.19,27.19,26.00,26.78,10008,526351
29.07.2009,27.17,27.17,26.50,26.99,2870,152640
28.07.2009,26.87,27.10,26.85,27.00,19249,1039308
27.07.2009,27.00,27.69,26.56,27.00,14545,783410
24.07.2009,27.50,27.73,26.85,26.85,21742,1190818
23.07.2009,27.79,27.79,27.20,27.50,9983,549476
22.07.2009,27.95,28.10,27.45,27.74,22674,1253414
21.07.2009,26.80,28.28,26.78,27.97,43395,2367274
20.07.2009,26.72,27.59,26.45,27.00,37801,2045591
17.07.2009,26.66,27.09,26.51,27.06,18102,968690
16.07.2009,27.20,27.28,26.70,27.19,6057,327624
15.07.2009,27.20,27.29,27.00,27.20,6110,331638
14.07.2009,27.00,27.19,27.00,27.15,7945,429280
13.07.2009,26.60,27.19,26.60,26.67,13433,720146
10.07.2009,27.30,27.77,26.93,26.93,15513,849353
09.07.2009,26.98,27.38,26.60,27.35,10792,585903
08.07.2009,26.75,27.40,26.14,26.99,15235,821209
07.07.2009,27.70,27.89,27.42,27.69,13127,727259
06.07.2009,27.99,28.00,27.21,27.70,35594,1980374
03.07.2009,27.80,28.30,27.10,28.00,6671,369207
02.07.2009,28.89,28.89,27.80,27.80,39767,2242317
01.07.2009,27.91,29.79,27.70,28.20,30743,1764041
30.06.2009,28.30,28.50,27.72,28.00,45556,2561441
29.06.2009,28.20,28.49,28.16,28.20,3894,220700
26.06.2009,27.50,28.20,27.31,28.20,232609,13003797
25.06.2009,26.04,27.24,26.01,27.23,28639,1537723
24.06.2009,25.47,26.29,25.00,25.98,81986,4176254
23.06.2009,25.20,25.90,24.55,25.48,91953,4608109
22.06.2009,25.20,25.79,24.00,25.45,22345,1124348
19.06.2009,25.60,25.60,24.31,25.20,12885,640246
18.06.2009,25.90,25.90,25.02,25.02,36133,1828657
17.06.2009,26.34,26.99,25.89,25.89,19060,994464
16.06.2009,25.64,26.28,25.11,26.00,47355,2449021
15.06.2009,25.40,25.68,25.20,25.64,13899,708876
12.06.2009,25.00,25.70,24.70,25.40,20160,1023095
10.06.2009,25.42,25.42,24.71,24.88,8562,427328
09.06.2009,25.25,25.50,25.12,25.15,8267,417551
08.06.2009,24.81,25.35,24.50,25.00,28667,1426541
05.06.2009,24.99,25.10,24.10,24.98,31536,1565756
04.06.2009,25.30,25.30,24.57,24.70,11100,552836
03.06.2009,24.92,24.97,24.60,24.83,9446,468487
02.06.2009,24.81,25.32,24.50,24.92,20047,1001402
01.06.2009,24.55,25.99,24.55,24.81,33281,1670515
29.05.2009,23.55,24.64,23.55,24.39,8599,419070
28.05.2009,24.40,24.78,23.51,23.70,46657,2252967
27.05.2009,24.80,24.80,24.30,24.42,22611,1108324
26.05.2009,23.95,25.77,23.94,23.99,57022,2808723
25.05.2009,22.73,23.94,22.50,23.94,22579,1047709
22.05.2009,22.80,23.00,22.16,23.00,8321,379135
21.05.2009,22.85,22.90,21.38,22.90,26538,1167362
20.05.2009,23.65,23.65,22.89,22.91,16582,762335
19.05.2009,23.72,24.25,23.21,23.21,8036,379625
18.05.2009,23.12,23.95,23.12,23.70,7593,363092
15.05.2009,23.99,24.10,23.10,23.95,19059,905724
14.05.2009,23.40,23.80,22.80,23.49,16890,793012
13.05.2009,23.80,24.20,23.30,23.40,33258,1586153
12.05.2009,22.80,23.48,22.31,23.40,91868,4241097
11.05.2009,20.50,22.19,20.50,21.90,106053,4632644
08.05.2009,20.00,20.47,20.00,20.47,8492,344184
07.05.2009,19.96,20.55,19.57,20.40,52499,2133400
06.05.2009,19.01,20.15,19.01,20.10,43091,1718605
05.05.2009,19.31,19.97,18.32,19.05,40333,1542171
04.05.2009,20.29,20.39,19.80,19.83,22026,881851
30.04.2009,20.15,20.45,20.00,20.18,12297,497249
29.04.2009,19.94,20.45,19.90,20.00,17825,716058
28.04.2009,19.85,20.05,19.00,19.95,32711,1275474
27.04.2009,20.39,20.39,19.60,20.22,22173,897686
24.04.2009,20.50,20.50,20.29,20.40,6040,246430
23.04.2009,20.20,20.50,20.00,20.40,9433,381978
22.04.2009,20.00,20.01,19.65,20.00,28431,1130075
21.04.2009,19.30,20.00,19.30,19.98,33264,1317543
20.04.2009,20.14,20.40,19.51,20.00,27849,1106515
17.04.2009,20.89,21.00,20.45,20.50,57901,2375514
16.04.2009,20.01,20.70,19.70,20.65,67840,2779900
15.04.2009,20.50,20.55,20.00,20.20,5674,230375
14.04.2009,20.41,20.70,19.85,20.39,29848,1211947
09.04.2009,19.88,20.20,19.25,20.00,55042,2187259
08.04.2009,18.21,19.95,18.11,19.09,26502,1006819
07.04.2009,17.71,18.50,17.70,18.49,54362,1979584
06.04.2009,18.00,18.20,17.20,18.19,116601,4212075
03.04.2009,17.99,18.25,17.65,17.98,21265,763819
02.04.2009,16.90,18.00,16.51,17.99,61499,2173209
01.04.2009,16.01,16.80,15.97,16.80,59264,1946674
31.03.2009,16.00,16.20,15.96,16.18,20221,651661
30.03.2009,15.80,16.14,15.70,16.00,65834,2102358
27.03.2009,16.25,16.55,15.86,16.16,6628,214319
26.03.2009,16.01,16.49,15.75,16.14,21906,702328
25.03.2009,15.01,15.97,15.01,15.90,68442,2134908
24.03.2009,15.00,15.40,14.81,15.00,30267,909269
23.03.2009,14.60,15.00,14.50,15.00,24235,715720
20.03.2009,14.63,14.80,14.42,14.80,38553,1132719
19.03.2009,14.35,14.80,14.35,14.80,108736,3184467
18.03.2009,14.56,14.89,14.20,14.76,75768,2170996
17.03.2009,14.40,14.65,13.80,14.56,62680,1787403
16.03.2009,15.01,15.44,14.14,14.40,56609,1637027
13.03.2009,14.54,15.01,14.54,15.01,237937,7086027
12.03.2009,14.00,14.54,14.00,14.53,64758,1839394
11.03.2009,13.33,14.15,13.33,14.10,165887,4635625
10.03.2009,13.00,13.32,13.00,13.30,71753,1896148
09.03.2009,12.79,13.40,12.68,13.14,139699,3631706
06.03.2009,11.95,12.64,11.70,12.64,246567,6016196
05.03.2009,11.50,12.00,11.11,11.97,164264,3780775
04.03.2009,11.50,11.70,11.10,11.49,121222,2750346
03.03.2009,10.56,11.61,10.55,11.30,48978,1096528
02.03.2009,9.82,10.71,9.82,10.55,44690,915035
27.02.2009,9.71,9.80,9.71,9.80,10154,198519
26.02.2009,9.79,9.79,9.41,9.74,104289,2023409
25.02.2009,9.60,9.80,9.40,9.59,8748,167734
24.02.2009,9.57,9.60,9.10,9.58,15040,285416
23.02.2009,9.79,9.79,9.79,9.79,5,98
20.02.2009,9.67,9.70,9.39,9.64,5018,95429
19.02.2009,9.45,9.68,9.21,9.67,141224,2643785
18.02.2009,9.37,9.45,8.95,9.45,35681,664665
17.02.2009,9.41,9.41,8.80,9.40,18173,335534
16.02.2009,9.70,9.70,9.26,9.61,9442,179979
13.02.2009,9.34,9.66,9.34,9.60,5048,96453
12.02.2009,9.64,9.64,9.40,9.60,16329,312300
11.02.2009,9.26,9.65,9.26,9.65,29224,554515
10.02.2009,9.70,9.79,9.25,9.57,18385,347029
09.02.2009,9.80,10.12,9.70,9.70,50143,987428
06.02.2009,9.86,10.15,9.73,9.82,76626,1507577
05.02.2009,9.70,9.89,9.70,9.80,58504,1136840
04.02.2009,9.80,9.80,9.34,9.70,111743,2151199
03.02.2009,9.95,10.15,9.40,9.70,102357,1998667
02.02.2009,10.03,10.15,9.70,10.15,11353,226629
30.01.2009,10.10,10.15,10.10,10.15,10680,215786
29.01.2009,10.10,10.29,9.99,10.10,324236,6532507
28.01.2009,10.37,10.37,10.10,10.27,6283,128094
27.01.2009,10.33,10.35,10.05,10.35,16014,328184
26.01.2009,9.84,10.40,9.84,10.25,18824,384269
23.01.2009,9.12,10.00,9.12,9.90,47856,905065
22.01.2009,9.18,9.40,9.16,9.33,19944,369832
21.01.2009,9.04,9.31,9.00,9.31,41436,763979
20.01.2009,9.10,9.48,9.00,9.22,48822,899495
19.01.2009,9.48,9.48,9.01,9.33,20506,379652
16.01.2009,9.30,9.48,9.18,9.34,31001,577002
15.01.2009,9.34,9.35,9.02,9.30,50646,933884
14.01.2009,9.29,9.60,9.29,9.30,14146,266332
13.01.2009,9.70,9.70,9.25,9.30,18488,345145
12.01.2009,9.01,9.80,9.01,9.60,22252,418095
09.01.2009,9.46,9.47,9.00,9.45,42594,794665
08.01.2009,9.80,9.80,8.95,9.38,47035,869357
07.01.2009,10.06,10.10,9.63,9.80,19531,383064
06.01.2009,10.11,10.20,9.80,9.99,20292,404193
05.01.2009,10.20,10.40,10.07,10.13,38005,773199
31.12.2008,10.02,10.24,10.02,10.20,5459,111295
30.12.2008,10.15,10.26,10.00,10.23,2808,57148
29.12.2008,9.99,10.26,9.99,10.26,10396,212177
23.12.2008,10.00,10.23,9.92,9.99,20087,407755
22.12.2008,10.00,10.19,9.82,10.19,18988,382212
19.12.2008,9.95,10.25,9.83,10.20,10118,205487
18.12.2008,10.30,10.30,9.63,10.28,17602,351543
17.12.2008,10.39,10.40,10.00,10.30,10401,213470
16.12.2008,10.45,10.45,10.10,10.30,11786,241583
15.12.2008,10.05,10.19,9.63,10.19,15628,314254
12.12.2008,10.22,10.22,9.80,9.94,20096,399206
11.12.2008,10.52,10.75,10.23,10.44,14816,308354
10.12.2008,10.80,10.95,10.50,10.84,39216,838010
09.12.2008,11.62,11.62,11.00,11.16,33029,741991
08.12.2008,12.00,12.05,11.60,11.60,30479,714843
05.12.2008,12.34,12.34,11.75,11.80,48850,1184175
04.12.2008,12.02,12.49,12.02,12.23,68291,1682869
03.12.2008,11.82,12.25,11.75,11.95,82767,1984845
02.12.2008,10.70,11.39,10.70,11.39,25575,575374
01.12.2008,11.08,11.20,10.65,11.20,15370,339250
28.11.2008,10.90,11.15,10.90,11.10,49424,1095777
27.11.2008,11.24,11.54,11.01,11.02,93893,2097731
26.11.2008,10.82,11.20,10.80,11.08,46844,1031044
25.11.2008,11.25,11.36,11.00,11.00,57906,1294711
24.11.2008,10.85,10.88,10.58,10.88,18018,389091
21.11.2008,10.56,10.83,10.56,10.83,29974,644089
20.11.2008,10.55,10.75,10.30,10.75,47298,997529
19.11.2008,10.85,10.97,10.58,10.97,40784,884490
18.11.2008,10.46,10.80,10.36,10.80,33950,727687
17.11.2008,10.65,10.80,10.50,10.80,56410,1211720
14.11.2008,10.89,10.89,10.66,10.80,20363,438448
13.11.2008,10.00,10.45,9.51,10.45,55468,1137979
12.11.2008,10.69,10.69,10.04,10.30,77318,1591125
10.11.2008,10.46,11.09,10.46,10.80,45675,989005
07.11.2008,10.06,10.85,10.02,10.52,43277,906068
06.11.2008,10.20,10.75,10.15,10.40,65720,1366776
05.11.2008,11.18,11.18,10.60,10.90,48667,1055941
04.11.2008,10.94,11.13,10.50,11.10,63089,1375609
03.11.2008,10.60,11.09,9.85,10.84,132412,2824897
31.10.2008,9.90,10.57,9.49,10.40,92115,1886776
30.10.2008,9.27,9.78,8.85,9.78,74889,1383619
29.10.2008,8.30,8.80,8.25,8.80,83301,1417117
28.10.2008,7.80,8.15,7.60,8.00,142058,2198171
27.10.2008,7.27,7.69,7.11,7.69,140718,2075404
24.10.2008,7.80,8.00,7.13,7.50,64343,955771
23.10.2008,8.21,8.42,7.66,7.99,56862,900526
22.10.2008,8.58,8.64,8.23,8.32,56875,954121
21.10.2008,9.20,9.20,8.50,8.75,132959,2365599
20.10.2008,9.38,9.38,8.75,8.87,53396,965354
17.10.2008,9.43,9.43,8.64,9.00,58743,1051208
16.10.2008,8.59,9.44,8.59,8.90,108539,1967384
15.10.2008,10.05,10.18,9.15,9.50,102677,1976563
14.10.2008,9.90,10.35,9.85,10.20,352103,7090980
13.10.2008,9.25,10.11,8.88,9.70,150918,2879370
10.10.2008,9.00,9.40,8.30,8.53,136403,2410875
09.10.2008,10.22,10.49,9.90,10.00,153356,3111716
08.10.2008,10.20,10.65,9.28,10.00,235403,4683702
07.10.2008,12.80,12.80,10.80,11.15,90416,2058987
06.10.2008,14.09,14.09,12.00,12.46,50769,1268127
03.10.2008,14.85,14.99,14.30,14.40,16476,475414
02.10.2008,15.35,15.35,14.76,14.90,2975,88523
01.10.2008,14.97,15.33,14.97,15.19,9500,287872
30.09.2008,14.88,14.90,14.10,14.76,17105,502513
29.09.2008,15.90,15.90,15.00,15.30,4335,133107
26.09.2008,16.10,16.36,15.76,15.96,3040,97078
25.09.2008,16.39,16.39,16.05,16.29,2796,90363
24.09.2008,16.40,16.40,16.13,16.39,2843,92708
23.09.2008,16.20,16.45,15.86,16.39,8021,256978
22.09.2008,16.10,16.80,16.10,16.20,16031,526210
19.09.2008,16.00,16.24,15.75,16.10,13393,428008
18.09.2008,14.30,15.34,14.30,15.25,13993,421789
17.09.2008,16.01,16.30,14.75,15.48,17190,541496
16.09.2008,16.32,16.97,15.76,15.76,22297,724067
15.09.2008,17.55,17.55,16.21,17.20,34433,1170375
12.09.2008,18.22,18.22,17.86,18.10,2110,76376
11.09.2008,17.80,18.37,17.80,18.01,19539,700594
10.09.2008,17.89,18.09,17.55,17.98,28890,1032723
09.09.2008,18.25,18.49,18.00,18.11,48679,1775475
08.09.2008,17.46,18.20,17.46,18.20,33555,1210200
05.09.2008,17.55,17.55,16.80,17.20,26658,917234
04.09.2008,17.25,18.20,17.25,17.85,54579,1951076
03.09.2008,16.99,17.10,16.98,17.00,105083,3578070
02.09.2008,16.12,17.07,16.12,16.70,26481,881722
01.09.2008,16.09,16.46,16.00,16.35,21234,688328
29.08.2008,16.32,16.48,16.31,16.45,27100,888655
28.08.2008,16.21,16.45,16.15,16.37,20795,680542
27.08.2008,16.31,16.55,16.30,16.45,1648,53745
26.08.2008,16.32,16.55,16.32,16.55,13163,434176
25.08.2008,16.43,16.50,16.20,16.50,24310,801374
22.08.2008,16.43,16.65,16.36,16.65,5378,177551
21.08.2008,16.29,16.35,16.02,16.35,41373,1347848
20.08.2008,16.29,16.31,16.00,16.30,71587,2321725
19.08.2008,16.16,16.55,16.00,16.30,40036,1296572
18.08.2008,16.57,16.67,16.30,16.30,7686,251944
14.08.2008,16.34,16.53,16.27,16.53,8941,293541
13.08.2008,16.20,16.25,15.80,16.25,33574,1079968
12.08.2008,16.19,16.29,16.02,16.18,15361,496930
11.08.2008,16.12,16.35,15.96,16.10,16260,521188
08.08.2008,15.90,16.24,15.85,16.11,34654,1110530
07.08.2008,16.49,16.49,15.65,16.10,32955,1056529
06.08.2008,17.09,17.09,16.35,16.47,15083,505914
05.08.2008,16.70,16.80,16.31,16.80,22064,729170
04.08.2008,16.92,16.93,16.34,16.76,1701,57066
01.08.2008,16.74,16.84,16.45,16.84,16995,565776
31.07.2008,16.75,16.91,16.60,16.74,25701,861604
30.07.2008,16.48,16.60,16.20,16.58,7998,262604
29.07.2008,16.00,16.25,15.73,16.20,4044,129872
28.07.2008,15.70,16.85,15.70,16.27,21419,697817
25.07.2008,15.60,15.95,15.50,15.95,18213,568608
24.07.2008,16.11,16.11,15.61,15.99,5368,170353
23.07.2008,16.01,16.20,15.81,16.10,12484,402919
22.07.2008,15.50,16.16,15.50,16.00,27146,866550
21.07.2008,14.80,15.95,14.51,15.80,21627,670152
18.07.2008,14.66,14.80,14.40,14.77,12197,356797
17.07.2008,14.00,14.65,14.00,14.65,26742,765111
16.07.2008,13.10,13.88,13.10,13.87,23709,645899
15.07.2008,13.45,13.50,13.05,13.50,7871,209236
14.07.2008,13.50,13.50,13.05,13.50,26564,705098
11.07.2008,13.70,13.70,13.13,13.50,9521,255839
10.07.2008,13.56,13.75,13.36,13.60,25183,682742
09.07.2008,13.40,13.95,13.40,13.50,76166,2058701
08.07.2008,13.09,13.30,12.80,13.30,90274,2364050
07.07.2008,13.03,13.16,12.79,13.10,94987,2488811
04.07.2008,13.00,13.14,12.76,13.05,6555,169884
03.07.2008,12.75,13.09,12.75,13.05,8657,223037
02.07.2008,13.10,13.10,12.66,12.97,2467,64377
01.07.2008,13.00,13.18,12.45,12.95,42182,1075126
30.06.2008,12.99,13.20,12.90,13.08,54478,1422519
27.06.2008,12.96,13.20,12.70,13.20,10113,261876
26.06.2008,13.06,13.25,13.00,13.23,13743,361184
25.06.2008,12.90,13.24,12.90,13.19,10060,262679
24.06.2008,13.25,13.25,12.40,12.99,20003,512907
23.06.2008,13.02,13.15,12.80,12.98,5028,130181
20.06.2008,12.91,13.20,12.91,12.97,12320,320765
19.06.2008,12.81,13.26,12.75,12.95,25448,656935
18.06.2008,13.99,14.00,12.80,12.90,14969,392496
17.06.2008,14.00,14.13,13.60,13.90,12740,353037
16.06.2008,13.79,14.35,13.64,13.94,34714,970599
13.06.2008,14.02,14.38,13.64,13.75,53050,1466878
12.06.2008,13.19,14.16,13.10,13.96,43691,1200074
11.06.2008,14.34,14.90,13.40,13.50,40804,1122941
10.06.2008,15.80,15.95,14.07,14.28,41412,1228304
09.06.2008,16.60,16.60,15.52,16.06,9266,298738
06.06.2008,17.01,17.20,16.89,17.00,7849,266479
05.06.2008,17.00,17.20,16.95,17.20,6995,239177
04.06.2008,17.07,17.22,17.00,17.20,6543,224368
03.06.2008,17.40,17.40,16.90,17.34,18215,626191
02.06.2008,17.45,17.60,17.00,17.46,20144,694765
30.05.2008,17.53,17.68,17.10,17.68,5048,176757
29.05.2008,17.79,17.79,17.10,17.53,10742,374873
28.05.2008,17.66,18.15,17.30,17.79,16668,591420
27.05.2008,18.30,18.30,17.50,17.58,23076,817937
26.05.2008,18.43,18.43,17.80,18.19,19174,691927
23.05.2008,18.15,18.45,17.77,18.43,8874,320952
21.05.2008,18.72,18.90,17.60,18.39,27511,994953
20.05.2008,19.50,19.77,18.74,18.74,19140,733735
19.05.2008,19.70,19.99,18.74,19.70,17578,682537
16.05.2008,20.00,20.16,19.60,19.96,8358,332952
15.05.2008,20.20,20.20,19.52,20.00,14471,579759
14.05.2008,20.10,20.33,19.90,20.22,24077,966582
13.05.2008,20.60,20.60,19.60,20.20,21558,866313
12.05.2008,20.10,20.49,20.10,20.20,8492,343812
09.05.2008,19.99,20.10,19.72,20.10,17674,705576
08.05.2008,19.99,20.10,19.42,19.99,12967,514707
07.05.2008,20.00,20.20,19.75,19.99,11679,468321
06.05.2008,20.00,20.00,19.54,19.94,14728,585208
05.05.2008,20.35,20.35,19.90,20.00,35627,1425670
30.04.2008,19.80,20.00,19.51,20.00,39397,1561068
29.04.2008,19.80,20.00,19.38,19.75,28860,1141826
28.04.2008,20.15,21.00,19.73,19.80,14934,601994
25.04.2008,20.50,21.50,19.81,20.58,25029,1032853
24.04.2008,18.50,20.35,18.30,19.98,57508,2250570
23.04.2008,17.50,18.80,17.00,18.20,71967,2536410
22.04.2008,19.22,20.00,17.34,17.34,107887,3981300
21.04.2008,21.60,21.60,19.44,19.92,79281,3232849
18.04.2008,21.73,21.75,21.00,21.51,11697,502345
17.04.2008,21.99,21.99,21.72,21.72,14479,633913
16.04.2008,22.00,22.22,21.60,21.98,14190,619484
15.04.2008,22.00,22.30,21.35,21.77,21797,942514
14.04.2008,22.31,22.50,21.80,21.89,35582,1563871
11.04.2008,23.80,23.85,22.90,23.00,27099,1262573
10.04.2008,24.10,24.10,23.20,23.73,16816,793354
09.04.2008,24.20,24.40,24.05,24.14,10125,489952
08.04.2008,25.11,25.18,24.11,24.33,12630,617002
07.04.2008,25.21,25.60,25.06,25.11,9939,502407
04.04.2008,25.51,25.90,25.07,25.10,18800,949904
03.04.2008,26.00,26.50,25.20,25.38,39947,2060321
02.04.2008,25.10,27.00,25.10,25.85,136046,7193738
01.04.2008,24.20,24.91,24.20,24.85,38512,1891359
31.03.2008,23.90,24.22,23.70,24.20,33072,1592179
28.03.2008,23.50,23.70,23.45,23.65,21639,1020708
27.03.2008,23.70,23.78,23.45,23.68,10005,472669
26.03.2008,24.00,24.19,23.43,23.59,104746,4940851
25.03.2008,24.40,24.50,23.80,24.00,29368,1415859
20.03.2008,24.11,24.25,23.20,23.99,65419,3103666
19.03.2008,24.79,24.93,24.55,24.90,8130,403623
18.03.2008,24.79,24.93,24.33,24.73,32634,1604332
17.03.2008,24.52,25.00,24.20,24.55,11313,554981
14.03.2008,24.70,25.39,24.70,25.35,13748,691069
13.03.2008,24.82,25.17,24.50,25.03,7640,379991
12.03.2008,25.38,25.80,24.85,25.40,31909,1615698
11.03.2008,24.88,25.05,24.57,24.85,49765,2461488
10.03.2008,24.70,25.42,24.50,24.88,52418,2612191
07.03.2008,24.49,25.00,24.00,25.00,58638,2864180
06.03.2008,25.10,25.10,24.22,24.50,25428,1254406
05.03.2008,22.92,25.20,22.92,24.80,69337,3303844
04.03.2008,24.40,24.70,23.10,23.10,41717,2007130
03.03.2008,24.60,24.95,23.00,24.70,39117,1866338
29.02.2008,25.20,25.29,24.50,25.29,35512,1778293
28.02.2008,25.01,25.29,25.00,25.28,7600,381055
27.02.2008,25.00,25.69,25.00,25.12,16921,854450
26.02.2008,25.60,25.98,25.10,25.40,15303,782542
25.02.2008,25.60,25.81,25.10,25.65,7287,373154
22.02.2008,25.49,25.50,25.01,25.30,4903,246986
21.02.2008,25.70,25.95,25.50,25.60,13135,674481
20.02.2008,26.00,26.00,25.40,25.65,13155,675795
19.02.2008,26.73,26.73,26.00,26.16,28250,1487800
18.02.2008,26.65,27.20,26.35,26.59,18846,1003649
15.02.2008,27.29,27.50,26.60,26.60,18263,982628
14.02.2008,28.30,28.61,27.82,27.99,35335,1992444
13.02.2008,27.59,28.20,27.50,27.81,39708,2202829
12.02.2008,27.05,28.30,27.05,27.50,48110,2661148
11.02.2008,25.70,26.94,25.70,26.85,29091,1544278
08.02.2008,25.26,26.50,25.00,25.69,89146,4582042
07.02.2008,24.45,25.88,24.30,25.00,40936,2047478
06.02.2008,23.10,24.70,23.10,24.50,48259,2328065
05.02.2008,25.50,25.50,24.21,24.46,24365,1217560
04.02.2008,25.98,26.20,25.65,25.80,17811,925777
01.02.2008,25.70,26.00,25.20,25.80,31944,1636455
31.01.2008,25.95,25.95,24.63,25.07,36306,1835328
30.01.2008,26.39,26.65,25.70,26.07,19877,1041254
29.01.2008,26.30,26.60,26.00,26.49,47458,2500052
28.01.2008,24.89,25.60,24.80,25.14,51991,2624998
25.01.2008,27.00,27.00,24.40,26.20,88245,4599275
24.01.2008,24.20,25.20,23.83,25.20,76275,3722864
23.01.2008,23.66,24.60,22.60,23.00,114748,5347963
22.01.2008,21.50,23.60,20.80,22.99,122822,5585353
21.01.2008,22.90,24.50,22.50,23.00,69073,3219069
18.01.2008,21.21,24.50,21.00,24.00,103765,4819391
17.01.2008,22.99,23.78,21.50,21.90,140501,6235304
16.01.2008,20.00,22.99,19.20,22.00,264290,10907757
15.01.2008,24.64,25.41,21.50,21.91,102355,4771051
14.01.2008,26.48,26.48,24.00,24.79,154010,7660229
11.01.2008,26.61,27.55,26.61,26.85,45281,2452486
10.01.2008,28.80,28.85,26.50,27.00,56264,3084690
09.01.2008,30.11,30.75,28.30,28.80,123471,7307521
08.01.2008,31.70,32.20,31.22,31.65,40203,2551830
07.01.2008,32.58,32.58,31.85,32.11,13948,898444
04.01.2008,33.00,33.35,32.50,33.00,46671,3075881
03.01.2008,31.99,33.00,31.12,33.00,59527,3834609
02.01.2008,32.60,33.01,32.60,32.64,11341,741253
28.12.2007,32.40,33.10,31.30,32.99,135314,8856383
27.12.2007,31.00,32.50,30.90,32.50,96441,6116080
21.12.2007,30.25,30.95,30.25,30.90,74926,4607453
20.12.2007,29.99,30.43,29.72,30.17,32003,1920193
19.12.2007,29.22,30.30,29.11,30.00,59275,3534899
18.12.2007,27.10,29.19,26.00,28.85,68569,3774494
17.12.2007,28.11,29.00,27.05,27.20,95655,5354713
14.12.2007,30.98,31.35,29.00,29.79,58333,3457032
13.12.2007,32.80,33.19,30.40,31.00,67154,4228852
12.12.2007,33.00,33.45,32.33,33.19,61183,4044596
11.12.2007,33.13,35.35,32.90,33.90,73417,5002861
10.12.2007,33.48,33.90,32.80,33.55,17372,1161963
07.12.2007,33.99,34.00,33.51,33.51,31258,2103976
06.12.2007,34.13,34.19,33.40,33.80,32656,2211021
05.12.2007,32.07,34.00,32.07,33.70,52327,3503595
04.12.2007,31.99,32.23,31.49,32.15,20487,1312000
03.12.2007,32.00,32.40,31.11,32.40,19655,1247124
30.11.2007,31.45,32.48,31.45,32.20,55717,3571732
29.11.2007,31.40,32.00,30.72,31.30,76467,4788403
28.11.2007,29.50,31.05,28.45,30.10,110793,6566049
27.11.2007,28.00,28.52,27.20,28.04,190877,10596159
26.11.2007,30.12,31.80,27.54,29.29,124846,7358117
23.11.2007,28.00,29.95,27.71,29.92,194211,11187695
22.11.2007,23.21,27.08,21.40,27.08,320883,15839266
21.11.2007,25.86,25.86,22.70,22.99,468995,22028626
20.11.2007,28.00,28.00,25.50,26.40,180525,9625374
19.11.2007,29.00,29.70,26.95,27.73,244955,13620909
16.11.2007,27.52,29.00,25.62,29.00,320774,17452340
15.11.2007,30.53,30.69,27.60,29.19,164376,9566962
14.11.2007,31.55,31.88,30.70,30.73,56889,3518522
13.11.2007,31.51,31.60,30.35,31.00,228417,14010779
12.11.2007,31.60,32.09,30.90,31.50,114193,7156393
09.11.2007,33.50,34.25,30.15,32.00,172414,10884420
08.11.2007,30.62,34.00,30.11,32.77,201545,12982585
07.11.2007,33.50,35.00,30.06,33.00,262607,16724329
06.11.2007,34.40,34.80,31.90,33.49,222195,14546623
05.11.2007,36.67,37.50,33.20,33.51,162706,11289386
02.11.2007,35.50,37.00,34.18,36.20,100923,7255043
31.10.2007,36.61,36.85,34.89,35.98,156988,11285857
30.10.2007,38.55,39.50,36.50,36.60,213835,16491237
29.10.2007,39.95,41.00,37.00,38.00,82982,6553157
26.10.2007,41.20,41.90,39.50,39.50,56414,4521443
25.10.2007,41.21,41.98,40.78,40.80,42836,3536576
24.10.2007,41.78,42.00,41.52,41.70,24672,2063136
23.10.2007,41.12,41.78,41.00,41.75,51350,4251938
22.10.2007,40.00,41.00,40.00,41.00,29362,2372481
19.10.2007,41.26,41.50,40.50,41.30,35609,2925957
18.10.2007,43.50,43.80,40.91,41.33,55464,4639768
17.10.2007,43.39,43.60,42.49,43.40,109448,9399408
16.10.2007,44.70,44.70,43.39,43.50,61963,5486633
15.10.2007,45.03,45.90,45.00,45.23,56975,5155230
12.10.2007,44.49,44.49,43.16,44.47,32307,2850397
11.10.2007,43.80,45.80,43.80,44.65,108197,9680202
10.10.2007,43.40,43.80,42.70,43.59,112183,9693734
09.10.2007,40.51,43.30,40.50,42.40,162716,13722076
08.10.2007,40.05,40.49,39.85,40.10,26061,2089262
05.10.2007,40.01,41.10,39.40,39.89,38672,3095497
04.10.2007,38.70,40.00,38.70,39.50,67937,5384454
03.10.2007,40.00,40.20,38.70,39.00,52431,4136214
02.10.2007,39.90,40.70,39.35,39.79,55068,4402326
01.10.2007,39.31,39.59,39.02,39.35,85841,6757941
28.09.2007,39.90,40.00,39.03,39.31,21506,1702893
27.09.2007,40.00,40.20,39.80,39.95,59223,4734543
26.09.2007,39.60,41.10,39.60,40.00,34505,2787405
25.09.2007,40.50,40.50,39.50,39.84,53285,4246846
24.09.2007,41.00,41.19,40.30,40.30,29147,2382897
21.09.2007,40.77,41.30,40.40,40.85,32504,2645920
20.09.2007,41.23,41.30,40.56,40.85,48786,3999929
19.09.2007,41.90,41.90,40.50,41.23,81457,6712230
18.09.2007,39.89,40.70,39.01,40.19,34836,2791742
17.09.2007,40.00,40.44,38.50,38.60,15426,1210219
14.09.2007,40.00,40.38,39.60,39.83,10926,870271
13.09.2007,40.10,40.10,39.00,39.90,11943,952668
12.09.2007,40.50,40.50,39.50,40.10,22898,1835083
11.09.2007,40.75,40.75,39.71,40.29,21166,1698352
10.09.2007,38.50,40.98,38.50,39.39,36075,2845553
07.09.2007,42.50,42.95,39.81,40.00,138915,11279067
06.09.2007,44.80,45.50,41.90,41.90,106823,9155924
05.09.2007,46.10,46.10,43.00,43.00,35842,3187098
04.09.2007,47.30,47.84,45.50,45.90,38505,3567878
03.09.2007,46.50,49.00,46.50,47.30,79309,7552029
31.08.2007,45.55,46.20,45.30,45.90,28705,2629541
30.08.2007,44.55,47.00,43.50,45.30,36768,3355516
29.08.2007,38.70,44.00,38.70,43.99,30053,2517149
28.08.2007,45.99,45.99,42.50,42.50,21074,1865929
27.08.2007,43.40,45.50,43.40,45.00,55303,4955945
24.08.2007,42.89,42.89,40.11,42.40,14832,1250604
23.08.2007,42.95,44.12,42.01,42.80,43145,3710548
22.08.2007,40.02,40.94,39.99,40.48,30096,2417752
21.08.2007,40.00,40.10,38.00,40.00,28563,2271353
20.08.2007,40.00,40.74,39.00,40.00,53084,4244248
17.08.2007,37.66,41.00,36.80,38.80,66315,5041967
16.08.2007,42.00,42.00,35.10,39.00,70609,5374211
14.08.2007,44.04,44.70,43.40,44.65,11701,1032300
13.08.2007,43.49,45.00,43.45,44.60,21291,1882332
10.08.2007,43.11,43.11,41.00,42.89,37543,3183050
09.08.2007,44.60,45.20,42.20,43.99,16228,1418043
08.08.2007,44.42,44.89,43.50,44.10,19587,1733801
07.08.2007,46.00,46.88,43.50,43.87,32126,2919352
06.08.2007,42.00,46.00,41.00,43.85,94293,8075723
03.08.2007,48.50,49.60,43.70,43.75,126096,11603675
02.08.2007,54.75,55.55,50.00,50.50,29901,3074144
01.08.2007,56.00,56.00,54.00,55.00,16493,1810274
31.07.2007,57.65,58.50,57.00,57.50,30984,3580689
30.07.2007,56.55,57.00,55.80,56.90,8399,947077
27.07.2007,55.50,57.35,55.45,57.25,10242,1147301
26.07.2007,58.00,63.00,55.00,57.60,16194,1898437
25.07.2007,55.00,58.00,53.50,58.00,34280,3874739
24.07.2007,54.50,57.50,54.50,55.60,68507,7721618
23.07.2007,54.00,55.50,53.90,55.50,8632,944033
20.07.2007,57.50,58.00,54.70,54.70,10688,1189411
19.07.2007,57.75,58.50,57.10,57.40,10776,1242471
18.07.2007,58.75,58.75,57.00,57.00,15517,1785388
17.07.2007,58.50,59.10,57.00,58.00,19790,2297946
16.07.2007,64.50,64.50,52.60,60.00,34920,4035381
13.07.2007,68.00,70.00,64.20,64.50,17164,2294753
12.07.2007,70.00,70.00,65.00,67.15,30904,4180054
11.07.2007,74.80,75.50,70.00,70.40,33415,4818580
10.07.2007,78.80,78.80,75.50,77.00,8477,1308334
09.07.2007,79.60,79.90,77.20,78.35,6256,976033
06.07.2007,79.05,80.00,79.00,79.50,85773,13560765
05.07.2007,79.05,80.90,79.00,80.00,174180,27888906
04.07.2007,79.00,80.00,79.00,79.50,3947,629388
03.07.2007,78.90,80.00,77.60,80.00,6040,953583
02.07.2007,79.00,80.00,78.00,79.90,4026,636423
29.06.2007,78.50,80.00,77.10,80.00,16792,2674872
28.06.2007,78.90,79.50,77.00,79.50,13304,2073042
27.06.2007,79.00,80.00,78.90,78.90,34436,5500476
26.06.2007,79.05,80.80,78.10,79.90,67641,10819219
25.06.2007,79.00,80.10,77.50,80.10,57067,9122839
22.06.2007,79.05,80.00,79.00,80.00,77417,12377606
21.06.2007,81.95,81.95,79.00,80.05,12394,1981131
20.06.2007,81.95,83.00,79.90,82.00,10791,1746171
19.06.2007,84.00,84.00,82.50,83.00,6234,1035947
18.06.2007,86.10,86.10,82.00,84.00,11277,1880730
15.06.2007,81.00,86.00,81.00,85.00,27959,4688156
14.06.2007,81.95,82.35,79.15,80.50,9007,1461160
13.06.2007,80.50,81.50,78.60,81.00,19721,3177054
12.06.2007,81.95,82.00,81.40,81.65,56702,9296861
11.06.2007,82.10,83.00,80.00,83.00,11911,1953710
08.06.2007,79.40,82.30,78.40,82.00,87420,14059022
06.06.2007,82.20,82.50,79.10,80.50,22689,3708325
05.06.2007,81.00,82.00,80.50,81.50,32164,5216758
04.06.2007,80.00,81.90,77.30,79.75,20869,3345625
01.06.2007,78.50,80.90,78.10,80.45,23859,3825927
31.05.2007,75.00,78.90,71.70,78.50,92404,13847033
30.05.2007,76.00,76.25,70.30,73.50,29463,4357982
29.05.2007,80.50,80.50,77.25,77.25,16519,2588527
28.05.2007,78.00,80.50,75.25,80.50,33083,5127438
25.05.2007,78.05,78.95,77.00,77.95,10658,1657397
24.05.2007,78.00,80.00,77.60,79.50,30307,4787913
23.05.2007,79.30,80.00,78.00,79.00,19677,3097399
22.05.2007,81.00,81.35,78.10,80.40,23548,3771038
21.05.2007,83.00,83.00,80.30,81.40,19340,3126648
18.05.2007,81.00,83.90,79.10,83.90,43087,6957096
17.05.2007,80.35,83.00,78.50,81.00,31250,5034511
16.05.2007,81.75,81.75,78.60,81.40,10359,1657987
15.05.2007,84.00,84.00,80.05,81.95,14079,2307683
14.05.2007,86.90,86.90,82.15,84.00,21507,3621688
11.05.2007,76.00,80.95,73.00,80.95,44427,6873266
10.05.2007,86.00,86.00,77.00,81.00,54554,8815390
09.05.2007,86.00,86.40,78.05,85.20,39926,6726544
08.05.2007,88.00,88.50,84.15,86.90,41382,7181972
07.05.2007,91.60,91.90,85.70,88.00,19503,3402740
04.05.2007,83.50,90.90,82.90,90.50,41629,7185123
02.05.2007,89.60,90.00,84.50,84.55,41907,7267554
30.04.2007,86.00,91.50,82.65,89.50,42426,7419449
27.04.2007,95.50,95.50,86.70,89.55,40299,7313784
26.04.2007,89.50,98.00,88.50,94.80,53637,9997779
25.04.2007,84.00,87.00,83.00,86.00,24635,4211392
24.04.2007,82.00,83.00,81.00,81.10,34523,5658517
23.04.2007,77.00,81.00,73.50,80.00,46974,7126270
20.04.2007,74.90,76.90,73.75,75.65,91653,13827398
19.04.2007,72.10,72.10,67.30,71.00,56482,7917911
18.04.2007,75.40,75.50,71.75,72.05,35988,5298521
17.04.2007,74.75,75.35,72.40,75.10,87550,13001308
16.04.2007,71.90,75.00,71.50,73.25,94571,13864643
13.04.2007,72.00,72.00,70.10,71.50,32194,4573298
12.04.2007,70.15,74.00,68.00,69.95,82900,11640774
11.04.2007,67.85,71.90,67.00,70.00,95156,13215812
10.04.2007,63.00,67.40,62.00,67.00,75911,10041782
05.04.2007,63.00,63.00,61.20,63.00,29149,3658422
04.04.2007,63.10,63.40,62.90,63.00,44253,5574392
03.04.2007,63.20,63.95,62.80,63.00,60273,7597304
02.04.2007,62.90,62.90,61.20,62.40,43650,5401930
30.03.2007,62.00,64.00,60.20,62.10,139710,17312730
29.03.2007,57.00,61.00,56.00,61.00,222901,25922046
28.03.2007,55.90,56.00,54.80,56.00,22469,2492270
27.03.2007,55.50,57.00,52.50,56.55,110670,12334945
26.03.2007,59.00,59.00,55.50,56.00,67620,7624515
23.03.2007,53.15,57.60,53.15,57.00,191850,21830898
22.03.2007,53.10,56.00,51.80,55.00,99873,10734475
21.03.2007,52.00,54.50,51.35,53.00,106633,11387429
20.03.2007,47.90,52.40,47.60,52.00,211235,21142024
19.03.2007,47.80,48.00,47.61,47.89,29820,2851921
16.03.2007,47.40,47.61,46.52,47.61,96269,9074514
15.03.2007,46.10,47.70,46.10,46.50,67522,6331924
14.03.2007,43.95,45.62,42.80,45.30,39572,3512767
13.03.2007,44.20,45.70,43.80,45.11,262062,23587310
12.03.2007,42.20,44.20,42.20,43.70,64434,5615054
09.03.2007,42.50,42.88,42.00,42.20,32557,2746662
08.03.2007,42.51,43.20,42.11,42.50,53317,4548871
07.03.2007,42.40,42.80,41.55,42.20,14553,1227676
06.03.2007,41.21,42.40,41.01,41.90,36685,3060317
05.03.2007,40.30,42.60,40.30,41.00,52121,4287749
02.03.2007,43.00,43.60,42.50,42.50,51308,4381918
01.03.2007,45.00,45.10,41.25,42.46,44771,3861151
28.02.2007,42.50,44.15,41.80,43.25,128381,11076598
27.02.2007,46.00,46.40,43.50,45.09,104231,9262618
26.02.2007,46.74,47.50,46.01,47.00,59581,5600924
23.02.2007,46.00,46.80,45.65,46.50,72367,6718765
22.02.2007,46.01,46.15,45.35,45.95,26641,2436881
21.02.2007,45.00,46.10,44.25,46.00,48133,4371530
20.02.2007,45.00,45.00,42.65,44.90,76188,6704785
19.02.2007,48.00,48.00,44.80,45.50,230580,20984300
16.02.2007,47.75,48.19,46.80,48.09,137206,13160309
15.02.2007,46.06,48.41,46.06,47.84,240621,22993434
14.02.2007,45.01,46.00,45.00,46.00,102213,9313322
13.02.2007,43.00,44.30,42.75,44.10,122355,10679201
12.02.2007,41.50,42.60,41.25,42.10,56928,4745699
09.02.2007,41.00,42.70,41.00,41.50,213964,17726552
08.02.2007,43.00,43.00,40.94,41.20,109829,9106686
07.02.2007,42.50,42.50,41.70,41.86,14564,1221894
06.02.2007,43.00,43.50,41.60,42.68,90911,7652669
05.02.2007,42.50,42.80,41.50,42.60,142858,11913617
02.02.2007,43.00,43.00,41.85,42.88,43924,3715605
01.02.2007,41.00,45.10,40.62,43.30,111843,9730136
31.01.2007,40.80,41.00,40.05,40.99,32741,2660562
30.01.2007,41.90,41.90,40.50,41.00,22660,1854175
29.01.2007,41.20,42.00,40.60,41.38,36675,3024979
26.01.2007,39.85,43.80,38.70,40.70,58204,4846897
25.01.2007,39.25,39.90,39.04,39.70,30635,2414283
24.01.2007,39.00,39.10,36.76,39.01,69729,5267444
23.01.2007,40.08,40.08,39.00,39.10,34675,2724035
22.01.2007,41.70,41.78,39.90,40.05,43302,3487853
19.01.2007,41.50,42.00,40.90,41.00,16904,1405665
18.01.2007,42.00,42.00,40.20,41.00,28595,2349142
17.01.2007,43.50,44.00,41.90,41.90,19485,1654666
16.01.2007,42.25,43.62,42.11,43.19,10121,868615
15.01.2007,41.90,43.00,41.80,42.25,13429,1142012
12.01.2007,42.00,42.20,41.12,42.00,9235,772020
11.01.2007,41.53,42.28,41.32,42.17,5525,463028
10.01.2007,41.10,42.24,41.10,42.00,13457,1130493
09.01.2007,41.50,42.40,41.00,41.00,11555,961899
08.01.2007,40.62,41.50,40.62,41.40,7089,581908
05.01.2007,40.40,42.10,40.00,41.65,13417,1098007
04.01.2007,43.70,43.70,41.50,41.50,20213,1696140
03.01.2007,46.00,46.00,43.61,43.81,16944,1497525
02.01.2007,46.00,46.68,45.90,45.95,13617,1255891
29.12.2006,45.90,48.00,44.50,48.00,73364,6852885
28.12.2006,46.00,46.20,44.00,46.20,19914,1814637
27.12.2006,44.60,46.77,43.55,45.99,32127,2889560
22.12.2006,41.90,44.70,40.50,44.50,41691,3561343
21.12.2006,39.55,41.80,39.55,41.80,44327,3646716
20.12.2006,38.50,41.48,38.50,40.40,62593,5087391
19.12.2006,40.51,41.40,38.70,39.99,31648,2524589
18.12.2006,41.05,42.99,40.50,40.57,19841,1637710
15.12.2006,43.00,43.00,37.10,41.50,90441,7297858
14.12.2006,44.90,45.80,42.05,43.00,28924,2525784
13.12.2006,46.05,46.50,45.22,45.55,36394,3330530
12.12.2006,47.60,47.60,45.90,46.85,26054,2433577
11.12.2006,47.60,48.80,47.25,47.50,36971,3531230
08.12.2006,46.76,47.30,45.41,47.25,17436,1623545
07.12.2006,45.85,46.70,44.95,46.40,52538,4850343
06.12.2006,45.00,46.20,44.34,45.10,47119,4242910
05.12.2006,46.00,46.50,45.93,46.06,84892,7817724
04.12.2006,46.01,47.00,46.00,46.44,87020,8041783
01.12.2006,46.00,48.40,45.42,47.45,47418,4418744
30.11.2006,47.00,47.00,45.32,47.00,76206,7065947
29.11.2006,46.40,47.00,46.00,47.00,47206,4369717
28.11.2006,46.80,47.55,45.00,47.00,31669,2966691
27.11.2006,48.00,48.89,47.00,48.00,43150,4149474
24.11.2006,46.67,47.90,46.00,47.90,53357,5049203
23.11.2006,45.50,46.85,45.50,46.01,46457,4290115
22.11.2006,44.20,46.49,43.30,45.01,63532,5703155
21.11.2006,44.50,44.98,43.35,44.80,98740,8798188
20.11.2006,43.20,45.00,42.00,44.79,53476,4669287
17.11.2006,46.90,47.60,42.50,42.50,56502,5088336
16.11.2006,45.00,47.78,44.16,46.85,89190,8330356
15.11.2006,45.20,45.50,43.30,45.50,66963,5994228
14.11.2006,42.40,45.27,41.60,44.87,192290,16713918
13.11.2006,44.00,44.50,40.60,42.50,114121,9621728
10.11.2006,44.00,44.38,42.01,43.75,63828,5512716
09.11.2006,45.70,45.80,43.50,43.57,93945,8357561
08.11.2006,42.50,43.50,39.99,42.90,249317,20769082
07.11.2006,44.00,47.79,44.00,44.85,53135,4855398
06.11.2006,44.20,45.00,43.02,44.00,37783,3331199
03.11.2006,45.50,46.00,44.70,45.05,34249,3089471
02.11.2006,45.40,48.30,44.60,45.73,39963,3701879
31.10.2006,48.50,48.50,44.30,46.00,89403,8166211
30.10.2006,50.00,51.00,46.50,48.68,123490,11939867
27.10.2006,54.50,55.20,52.20,52.95,43776,4698301
26.10.2006,56.95,56.95,55.10,55.50,44517,4987494
25.10.2006,53.00,57.50,51.10,57.00,78572,8672572
24.10.2006,53.00,56.10,51.70,53.95,200359,21750886
23.10.2006,48.25,50.00,47.61,50.00,98288,9592380
20.10.2006,47.25,48.00,47.06,47.69,39084,3702314
19.10.2006,47.99,48.25,46.90,48.08,41917,4019089
18.10.2006,45.90,48.00,45.40,47.90,77324,7290659
17.10.2006,46.00,46.50,45.21,45.49,22305,2042038
16.10.2006,45.20,46.50,42.22,46.49,132131,11623764
13.10.2006,46.52,48.50,45.00,45.60,85821,8013319
12.10.2006,46.50,47.55,46.21,47.00,30385,2851829
11.10.2006,47.60,48.96,46.11,46.99,71819,6771042
10.10.2006,49.50,50.00,44.20,48.19,209670,19764300
09.10.2006,41.00,47.40,40.10,47.30,225810,20376374
06.10.2006,41.00,44.10,40.00,40.40,141724,11849765
05.10.2006,37.00,40.71,36.60,40.71,184041,14583416
04.10.2006,37.80,38.00,36.12,37.30,67696,5036591
03.10.2006,35.30,37.60,35.00,37.35,159224,11606360
02.10.2006,35.50,36.50,34.01,34.30,82822,5828974
29.09.2006,33.90,34.45,32.80,34.10,71125,4816844
28.09.2006,32.10,34.45,31.30,33.84,74228,4979634
27.09.2006,31.00,32.75,30.30,32.00,119930,7544956
26.09.2006,33.49,33.49,31.21,31.61,79679,5080523
25.09.2006,29.50,35.68,27.50,31.60,517963,33824888
22.09.2006,23.19,30.25,23.10,29.50,599546,33441798
21.09.2006,23.02,23.20,23.01,23.04,43668,2015611
20.09.2006,23.05,23.52,22.50,23.02,69890,3215564
19.09.2006,23.00,23.05,22.43,22.85,52083,2363481
18.09.2006,23.00,24.20,22.20,22.75,224132,10393117
15.09.2006,38.51,39.50,35.60,38.50,259958,19280134
14.09.2006,43.00,43.80,38.50,38.50,163357,13622020
13.09.2006,43.80,43.99,42.50,43.00,88585,7678030
12.09.2006,42.80,44.50,42.20,44.18,119722,10330401
11.09.2006,46.81,46.81,42.30,42.90,197590,17492972
08.09.2006,47.63,47.63,46.46,47.01,72445,6818145
07.09.2006,45.00,48.45,43.80,47.56,168982,15654941
06.09.2006,44.00,45.80,42.50,45.00,214267,18951148
05.09.2006,43.00,43.60,40.50,42.00,136206,11400752
04.09.2006,46.00,48.80,42.97,42.97,257067,23910118
01.09.2006,39.99,44.10,39.50,44.10,321693,27159708
31.08.2006,38.30,39.50,37.70,39.50,216946,16865862
30.08.2006,36.90,38.60,36.90,37.90,82456,6246130
29.08.2006,37.00,37.10,36.30,37.00,46526,3422894
28.08.2006,37.70,38.70,36.90,37.10,157414,11884603
25.08.2006,36.30,37.00,35.20,37.00,49236,3544391
24.08.2006,36.30,36.90,35.70,36.60,51721,3757690
23.08.2006,37.10,37.10,36.30,36.70,24839,1820850
22.08.2006,36.10,36.70,36.10,36.70,50057,3634837
21.08.2006,35.50,38.00,35.40,36.10,159961,11801164
18.08.2006,33.90,35.00,33.70,34.90,32449,2223393
17.08.2006,34.00,34.50,33.30,34.40,50489,3428943
16.08.2006,35.40,35.40,33.90,34.30,38918,2667884
14.08.2006,34.50,35.30,34.10,35.30,30853,2145750
11.08.2006,35.00,35.60,33.80,34.60,68430,4744589
10.08.2006,34.00,34.70,33.80,34.60,21391,1467383
09.08.2006,34.40,35.20,33.80,34.60,58833,4030928
08.08.2006,34.00,35.40,34.00,34.80,62285,4317370
07.08.2006,34.00,35.00,33.50,33.70,37996,2592445
04.08.2006,32.20,35.50,31.80,34.60,83663,5668183
03.08.2006,35.00,35.00,32.70,33.10,132725,8958884
02.08.2006,35.30,35.80,35.00,35.20,45228,3186949
01.08.2006,35.60,36.60,34.00,35.90,100349,7171962
31.07.2006,38.00,38.20,35.80,36.40,143116,10564524
28.07.2006,38.20,38.80,36.70,37.90,70491,5316487
27.07.2006,38.50,38.90,37.30,38.00,57763,4426586
26.07.2006,37.90,37.90,36.70,37.70,26414,1965215
25.07.2006,39.20,39.20,37.10,37.70,81395,6200291
24.07.2006,37.40,39.70,36.80,38.10,128062,9870945
21.07.2006,36.10,37.50,36.10,37.50,76730,5654834
20.07.2006,35.80,37.80,35.70,37.00,227463,16622086
19.07.2006,37.80,38.40,34.60,34.60,216076,15584994
18.07.2006,40.00,42.40,36.50,37.40,545819,42784480
17.07.2006,33.00,39.80,32.00,39.00,579448,41235660
14.07.2006,30.50,31.40,30.10,31.00,51073,3128545
13.07.2006,31.20,31.50,30.20,31.00,77535,4789382
12.07.2006,32.60,32.80,31.20,31.70,69132,4433093
11.07.2006,33.00,33.70,31.40,32.00,162357,10514577
10.07.2006,29.00,31.30,29.00,30.50,66088,4006960
07.07.2006,30.20,30.50,29.80,30.30,27937,1684589
06.07.2006,29.90,30.70,29.70,30.00,77553,4678626
05.07.2006,30.40,31.10,29.60,29.80,61689,3746576
04.07.2006,31.00,32.00,30.10,30.20,57653,3571256
03.07.2006,32.00,32.50,30.50,30.80,135381,8529587
30.06.2006,31.30,33.50,30.30,31.40,382911,24353566
29.06.2006,29.30,30.20,28.70,29.10,65399,3855255
28.06.2006,28.60,30.70,28.30,28.90,171157,10102857
27.06.2006,30.20,31.20,29.50,29.90,87452,5286797
26.06.2006,30.30,31.50,28.80,31.00,127438,7708739
23.06.2006,29.60,31.90,26.20,29.50,360750,20445984
22.06.2006,35.20,35.20,30.50,30.50,149598,9859486
21.06.2006,33.30,34.80,30.50,33.40,259342,17149096
20.06.2006,33.00,37.50,31.60,32.30,632940,44156528
19.06.2006,27.20,34.00,26.80,34.00,588853,35763712
16.06.2006,27.40,27.40,24.80,25.50,221282,11464235
14.06.2006,23.70,25.80,21.50,24.20,195912,9206361
13.06.2006,22.60,24.50,19.10,24.50,713261,30865066
12.06.2006,32.70,33.50,25.50,25.50,275784,16131745
09.06.2006,36.10,36.30,33.50,34.10,116790,8109744
08.06.2006,36.50,37.20,34.90,35.00,107180,7691756
07.06.2006,37.40,38.30,37.10,37.50,53264,4009426
06.06.2006,37.40,39.20,37.40,37.80,92480,7033420
05.06.2006,38.00,39.10,36.50,38.40,151048,11472037
02.06.2006,38.20,38.60,37.20,37.40,78746,5963701
01.06.2006,37.60,39.00,36.60,37.40,160494,12181107
31.05.2006,35.00,38.30,35.00,37.30,154063,11437543
30.05.2006,35.30,37.50,33.90,37.40,295104,21205108
29.05.2006,37.50,37.90,35.40,35.40,324405,23612372
26.05.2006,34.60,36.90,32.00,35.70,704199,49633804
25.05.2006,39.50,41.60,32.00,33.30,1027238,72159400
24.05.2006,46.00,47.60,40.70,41.70,446290,38506024
23.05.2006,52.50,53.00,38.40,48.00,650777,59564240
22.05.2006,53.90,58.40,51.20,52.50,295842,32253450
19.05.2006,54.50,54.90,52.60,53.60,119730,12817136
18.05.2006,51.30,55.50,51.30,52.60,174098,18408588
17.05.2006,56.90,61.30,51.00,52.00,346065,39558576
16.05.2006,49.00,56.50,46.70,55.00,311899,32545904
15.05.2006,46.50,49.40,46.40,49.00,136601,12999684
12.05.2006,48.50,51.40,48.30,48.80,119589,11871970
11.05.2006,48.00,51.50,47.50,50.00,234524,23350586
10.05.2006,43.60,50.00,41.00,48.70,604589,55492452
09.05.2006,53.30,53.50,44.30,46.00,482795,47366280
08.05.2006,44.80,57.80,44.10,50.90,796282,79997488
05.05.2006,39.30,44.00,36.50,44.00,534937,43080688
04.05.2006,33.50,41.00,32.50,39.00,579068,43746916
02.05.2006,29.30,32.80,28.60,32.40,325156,19801098
28.04.2006,26.90,27.60,25.60,27.60,416738,22231492
27.04.2006,26.20,27.70,25.60,26.00,234445,12321036
26.04.2006,26.10,26.40,24.50,26.00,459040,23750308
25.04.2006,26.10,28.40,25.20,25.80,489617,26204748
24.04.2006,21.40,25.50,21.30,24.60,802069,38183052
21.04.2006,21.50,21.90,20.50,21.00,284534,11901349
20.04.2006,23.60,24.00,21.20,21.20,453598,20191824
19.04.2006,21.60,23.60,21.60,23.60,447631,20327668
18.04.2006,19.35,21.20,19.35,21.10,391044,16088184
13.04.2006,19.15,19.75,18.80,19.50,248911,9545298
12.04.2006,18.00,19.20,17.90,19.05,135379,5034708
11.04.2006,18.20,18.25,17.80,18.10,64593,2327935
10.04.2006,17.50,18.20,17.40,17.95,188421,6763187
07.04.2006,17.35,17.55,17.15,17.55,64465,2227673
06.04.2006,17.35,17.60,17.10,17.35,104586,3633608
05.04.2006,16.90,17.40,16.70,17.30,64693,2228163
04.04.2006,17.20,17.20,16.70,16.80,18470,621723
03.04.2006,17.20,17.40,16.70,17.15,40492,1385013
31.03.2006,17.85,17.90,17.10,17.25,40967,1433006
30.03.2006,17.30,18.40,17.05,17.70,217378,7666944
29.03.2006,16.30,16.90,16.10,16.90,98814,3294164
28.03.2006,15.75,16.30,15.75,16.20,70257,2252307
27.03.2006,15.70,15.95,15.70,15.80,27696,876317
24.03.2006,15.50,15.80,15.45,15.70,13983,438580
23.03.2006,15.55,15.70,15.45,15.50,25933,805073
22.03.2006,15.75,15.75,15.55,15.60,26439,825746
21.03.2006,15.70,15.80,15.50,15.60,35025,1090968
20.03.2006,15.75,15.80,15.60,15.70,14300,448002
17.03.2006,16.00,16.00,15.45,15.50,50390,790590
16.03.2006,16.00,16.00,15.75,15.85,12459,197931
15.03.2006,15.70,16.10,15.70,15.80,34694,553062
14.03.2006,16.35,16.50,15.55,15.65,24526,390384
13.03.2006,16.90,17.00,15.80,15.95,118903,1973469
10.03.2006,15.70,15.70,15.30,15.50,2857,44302
09.03.2006,15.45,15.75,15.45,15.70,7293,114213
08.03.2006,15.30,16.00,15.30,15.60,29055,450715
07.03.2006,15.70,15.70,15.10,15.15,16228,247198
06.03.2006,15.65,15.70,15.50,15.70,22311,346897
03.03.2006,14.95,15.65,14.80,15.50,24970,380846
02.03.2006,14.95,15.75,14.60,14.95,141749,2124333
01.03.2006,15.50,15.80,15.45,15.55,18254,283484
28.02.2006,16.00,16.00,15.10,15.10,39113,610368
27.02.2006,16.15,16.15,15.75,15.90,38186,607209
24.02.2006,16.10,16.20,15.80,15.90,44558,713060
23.02.2006,16.25,16.25,15.80,16.00,60973,974765
22.02.2006,16.80,16.80,16.10,16.10,140710,2312628
21.02.2006,15.30,16.85,15.30,16.80,374460,6029451
20.02.2006,14.60,15.45,14.60,15.10,61372,931817
17.02.2006,14.70,14.80,14.60,14.70,3714,54655
16.02.2006,14.90,14.90,14.60,14.70,5806,85852
15.02.2006,14.85,15.00,14.65,14.70,21123,314514
14.02.2006,14.50,14.90,14.35,14.60,21132,308266
13.02.2006,14.30,14.40,14.25,14.25,29422,420593
10.02.2006,14.40,14.60,14.30,14.55,16798,242102
09.02.2006,14.30,14.70,14.30,14.60,13662,198529
08.02.2006,14.45,14.70,14.30,14.40,5283,76266
07.02.2006,14.75,14.80,14.50,14.65,25462,370946
06.02.2006,14.20,14.70,13.80,14.65,35708,509411
03.02.2006,15.00,15.00,13.95,13.95,25457,367445
02.02.2006,14.60,14.90,14.60,14.80,19114,282559
01.02.2006,14.20,14.60,14.10,14.60,17667,254387
31.01.2006,14.50,14.60,14.20,14.40,20320,291882
30.01.2006,14.60,14.75,14.30,14.65,14477,210872
27.01.2006,14.95,15.00,14.75,14.75,17592,260798
26.01.2006,15.00,15.00,14.70,14.95,30547,452505
25.01.2006,15.60,15.70,14.60,15.00,77873,1166000
24.01.2006,15.90,15.90,15.40,15.70,71489,1117133
23.01.2006,15.40,15.90,15.40,15.65,20151,315248
20.01.2006,16.00,16.00,15.50,15.60,30381,480891
19.01.2006,15.70,16.00,15.60,15.80,50984,808928
18.01.2006,15.00,15.55,15.00,15.40,40693,623256
17.01.2006,15.80,16.20,15.40,15.60,72854,1147641
16.01.2006,14.60,15.85,14.60,15.80,83004,1275084
13.01.2006,14.85,14.85,14.60,14.85,19602,288073
12.01.2006,14.80,14.90,14.55,14.85,43308,637253
11.01.2006,14.70,14.80,14.50,14.75,14555,214228
10.01.2006,14.45,15.00,14.40,14.90,25424,374325
09.01.2006,14.75,15.20,14.40,14.70,77345,1154646
06.01.2006,14.00,14.75,14.00,14.60,69179,1003305
05.01.2006,14.10,14.20,13.85,14.00,19604,274784
04.01.2006,14.75,14.80,14.05,14.25,39780,569623
03.01.2006,13.75,14.80,13.60,14.40,125806,1805019
02.01.2006,13.30,13.80,13.30,13.75,17145,233857
30.12.2005,13.60,13.71,13.40,13.49,27431,743654
29.12.2005,13.24,13.60,13.01,13.55,37736,1004155
28.12.2005,13.21,13.35,13.01,13.15,20802,548341
27.12.2005,13.21,13.46,12.79,13.01,61369,1610936
23.12.2005,13.46,13.55,13.15,13.21,28877,771016
22.12.2005,13.66,13.80,13.60,13.60,25734,705112
21.12.2005,13.35,13.91,13.35,13.55,83212,2268359
20.12.2005,13.10,13.30,13.04,13.10,22112,582430
19.12.2005,13.40,13.40,13.10,13.10,17193,455615
16.12.2005,13.49,13.49,13.24,13.40,6360,170003
15.12.2005,13.04,13.49,13.04,13.35,44503,1180665
14.12.2005,13.24,13.24,13.01,13.15,20956,550095
13.12.2005,13.04,13.30,13.01,13.10,14169,372786
12.12.2005,13.35,13.35,13.04,13.30,16248,428785
09.12.2005,13.21,13.49,13.01,13.35,15344,406616
08.12.2005,13.30,13.30,13.01,13.01,7789,204929
07.12.2005,13.21,13.71,13.04,13.30,60781,1625892
06.12.2005,13.49,13.60,13.10,13.10,50014,1335374
05.12.2005,13.71,13.80,13.49,13.66,6790,185299
02.12.2005,14.19,14.19,13.49,13.71,18166,502835
01.12.2005,14.30,14.36,13.91,14.19,15224,430382
30.11.2005,14.36,14.36,14.00,14.19,6369,180625
29.11.2005,14.70,14.70,14.00,14.36,17209,493898
28.11.2005,14.05,15.00,14.05,14.36,42073,1222221
25.11.2005,14.05,14.05,13.91,14.00,12035,336499
24.11.2005,13.91,13.91,13.71,13.80,2085,57588
23.11.2005,13.80,13.80,13.55,13.80,5967,163197
22.11.2005,14.00,14.00,13.40,13.80,5293,145028
21.11.2005,13.60,14.10,13.60,13.91,14766,409018
18.11.2005,13.60,13.71,12.59,13.66,20359,535442
17.11.2005,14.19,14.81,13.85,14.00,10946,313712
16.11.2005,14.84,14.84,14.36,14.50,5131,149825
15.11.2005,14.90,14.90,14.81,14.90,2639,78405
14.11.2005,14.81,15.29,14.81,14.90,10767,324087
10.11.2005,14.50,14.61,14.39,14.61,3851,111679
09.11.2005,14.36,14.50,14.36,14.50,4032,116364
08.11.2005,14.39,14.64,14.16,14.50,21923,631382
07.11.2005,14.81,15.15,14.55,14.64,43993,1306592
04.11.2005,15.06,15.26,14.95,14.95,60000,1812600
03.11.2005,15.45,15.51,14.90,15.00,69636,2117631
02.11.2005,15.80,15.80,15.45,15.71,9893,309156
31.10.2005,15.99,15.99,15.51,15.71,14153,445820
28.10.2005,15.60,15.99,15.60,15.99,14555,459792
27.10.2005,15.85,15.85,15.26,15.85,22071,686629
26.10.2005,16.35,16.44,15.54,15.99,24118,771294
25.10.2005,15.90,16.41,15.85,16.19,91062,2937660
24.10.2005,15.96,16.35,15.51,15.85,83751,2668307
21.10.2005,14.81,16.05,14.70,15.54,91288,2807106
20.10.2005,15.09,15.09,14.64,14.70,27705,823670
19.10.2005,14.75,15.09,14.50,14.81,42241,1249911
18.10.2005,14.70,15.06,14.61,14.81,81065,2405199
17.10.2005,14.10,14.75,14.10,14.75,24114,695689
14.10.2005,13.94,14.10,13.80,14.10,5533,154371
13.10.2005,14.10,14.10,13.91,13.94,10022,280716
12.10.2005,13.66,14.10,13.55,14.00,7517,207845
11.10.2005,14.05,14.39,13.71,14.00,16275,457328
10.10.2005,14.39,14.61,14.00,14.30,11074,316827
07.10.2005,13.49,14.19,13.24,14.19,15174,416223
06.10.2005,13.91,13.91,13.49,13.74,27635,757199
05.10.2005,14.10,14.19,14.00,14.10,21397,603181
04.10.2005,14.70,14.70,14.19,14.30,15502,447853
03.10.2005,14.81,15.00,14.64,14.70,20213,599113
30.09.2005,14.50,15.09,14.30,14.70,40835,1200141
29.09.2005,14.45,14.45,14.30,14.36,20165,579744
28.09.2005,14.81,14.90,14.30,14.50,36487,1065420
27.09.2005,13.91,14.81,13.74,14.50,150091,4285098
26.09.2005,13.30,13.66,13.10,13.66,66615,1782617
23.09.2005,13.21,13.40,12.90,13.15,88002,2314453
22.09.2005,12.56,12.85,12.56,12.79,43904,1115601
21.09.2005,12.65,12.65,12.31,12.56,23784,593649
20.09.2005,11.69,12.76,11.50,12.70,33193,805262
19.09.2005,11.66,11.69,11.21,11.69,28624,655490
16.09.2005,12.11,12.11,11.35,11.69,43961,1031325
15.09.2005,12.11,12.11,11.75,12.00,25222,601797
14.09.2005,12.45,12.45,12.14,12.20,12821,315268
13.09.2005,12.20,12.40,11.95,12.40,13960,339926
12.09.2005,12.50,12.56,12.05,12.25,17898,440470
09.09.2005,12.56,12.65,12.45,12.45,10178,255468
08.09.2005,12.65,12.65,12.34,12.56,8561,213939
07.09.2005,12.85,12.90,12.59,12.70,18054,460196
06.09.2005,12.70,12.90,12.45,12.65,37552,951943
05.09.2005,13.55,13.55,12.65,12.70,20815,545353
02.09.2005,14.19,14.25,13.30,13.35,45060,1241403
01.09.2005,14.25,14.55,14.00,14.30,29339,837628
31.08.2005,14.16,14.19,14.05,14.10,53088,1499205
30.08.2005,14.19,14.19,14.00,14.10,37210,1048950
29.08.2005,14.10,14.19,14.00,14.16,15282,430800
26.08.2005,14.25,14.36,14.10,14.10,5820,165637
25.08.2005,14.00,14.30,14.00,14.16,35959,1017640
24.08.2005,14.10,14.61,13.94,14.39,79854,2279832
23.08.2005,14.00,14.16,14.00,14.00,7887,222098
22.08.2005,14.00,14.16,13.94,14.16,26536,745662
19.08.2005,14.05,14.19,14.00,14.10,10718,302140
18.08.2005,14.30,14.30,13.85,14.10,15338,431765
17.08.2005,14.95,14.95,14.10,14.39,27981,812848
16.08.2005,14.70,15.09,14.61,14.90,17789,528333
12.08.2005,15.20,15.54,14.81,14.81,12912,391879
11.08.2005,15.51,15.60,15.20,15.35,14795,455686
10.08.2005,16.44,16.44,15.60,15.60,14355,459934
09.08.2005,16.30,16.41,16.05,16.35,23144,751254
08.08.2005,16.44,16.55,16.25,16.44,9252,303466
05.08.2005,16.41,16.61,16.41,16.55,2246,74163
04.08.2005,16.55,16.80,16.44,16.61,10206,339247
03.08.2005,16.75,16.80,16.50,16.80,5043,167932
02.08.2005,16.50,16.89,16.50,16.80,18584,620520
01.08.2005,16.70,16.70,16.50,16.55,3663,121612
29.07.2005,16.95,16.95,16.64,16.70,3448,115818
28.07.2005,17.06,17.06,16.70,16.80,7266,245300
27.07.2005,17.00,17.00,16.70,16.95,2171,73163
26.07.2005,17.09,17.09,16.80,17.00,6261,212185
25.07.2005,16.80,17.25,16.55,17.00,12680,428584
22.07.2005,16.64,16.64,16.50,16.61,6104,202287
21.07.2005,16.41,16.55,16.30,16.55,8569,281492
20.07.2005,16.50,16.50,16.41,16.41,14744,485225
19.07.2005,16.55,16.64,16.41,16.61,2517,83187
18.07.2005,16.61,16.61,16.35,16.35,485,15986
15.07.2005,16.80,16.80,16.50,16.70,10753,358075
14.07.2005,16.70,17.00,16.50,16.86,10595,354933
13.07.2005,16.41,16.75,16.19,16.61,20618,679157
12.07.2005,16.75,16.75,16.30,16.30,50009,1652797
11.07.2005,16.30,17.00,16.30,16.50,27057,900998
08.07.2005,15.71,15.96,15.71,15.90,17695,560401
07.07.2005,15.90,15.90,15.40,15.65,7936,248397
06.07.2005,16.10,16.19,15.90,15.99,24226,777412
05.07.2005,16.59,16.59,16.20,16.30,8899,291798
04.07.2005,16.91,16.91,15.91,16.30,53001,1739493
01.07.2005,17.24,17.45,16.80,16.80,12110,414768
30.06.2005,17.24,17.71,17.21,17.45,8901,310823
29.06.2005,17.24,17.74,16.91,17.50,19674,681704
28.06.2005,17.50,17.50,16.80,17.30,35826,1228832
27.06.2005,18.45,18.45,17.41,17.71,14531,521082
24.06.2005,18.89,18.89,18.15,18.30,6983,258650
23.06.2005,18.60,18.80,18.50,18.50,10289,383780
22.06.2005,18.89,19.01,18.54,18.71,5760,216288
21.06.2005,19.19,19.51,18.95,19.01,29446,1132493
20.06.2005,18.60,19.19,18.30,19.10,24482,917830
17.06.2005,18.15,18.71,18.00,18.24,24880,913345
16.06.2005,17.71,18.10,17.50,18.00,12710,452476
15.06.2005,17.95,18.00,17.45,17.59,19552,693118
14.06.2005,16.70,18.00,16.70,17.65,84827,2943497
13.06.2005,16.56,16.59,16.20,16.44,12944,424434
10.06.2005,16.65,16.80,16.50,16.59,3299,109857
09.06.2005,17.00,17.00,16.70,16.91,8818,297167
08.06.2005,16.85,16.85,16.41,16.80,17355,577227
07.06.2005,15.61,17.06,15.55,16.85,46801,1526181
06.06.2005,15.40,15.70,15.29,15.61,20126,623705
03.06.2005,15.50,15.61,15.29,15.29,59022,1823780
02.06.2005,15.00,15.61,15.00,15.50,48130,1473259
01.06.2005,14.61,14.85,14.61,14.79,8126,239392
31.05.2005,14.79,14.85,14.79,14.79,1535,45497
30.05.2005,14.85,14.90,14.79,14.90,2368,70306
27.05.2005,14.90,15.05,14.55,14.79,8146,241122
25.05.2005,14.79,14.79,14.64,14.76,15890,467643
24.05.2005,14.70,15.00,14.61,14.76,29089,861325
23.05.2005,14.25,14.76,14.25,14.64,38972,1130578
20.05.2005,14.05,14.20,13.99,14.14,4983,140471
19.05.2005,14.11,14.40,14.11,14.25,12619,359768
18.05.2005,13.70,14.35,13.64,14.11,30394,850728
17.05.2005,14.61,14.61,13.20,13.49,21682,602976
16.05.2005,15.70,15.70,14.25,14.61,37718,1129654
13.05.2005,16.20,16.30,16.00,16.30,6233,201326
12.05.2005,16.35,16.41,16.20,16.20,12153,396309
11.05.2005,16.09,16.35,16.09,16.35,11612,376693
10.05.2005,16.15,16.26,15.79,16.20,22162,710292
09.05.2005,16.30,16.30,15.91,15.91,7234,233007
06.05.2005,16.50,16.50,16.20,16.41,9022,295019
05.05.2005,16.74,16.74,16.35,16.50,11877,393010
04.05.2005,15.55,16.59,15.26,16.59,275933,8788466
02.05.2005,15.35,15.55,15.35,15.55,2677,82719
29.04.2005,15.61,15.79,15.20,15.20,11990,371570
28.04.2005,15.20,15.50,15.14,15.50,58600,1795504
27.04.2005,15.94,15.94,15.20,15.20,22512,701024
26.04.2005,16.00,16.26,15.91,15.94,18093,582052
25.04.2005,16.41,16.41,15.79,16.05,22010,708722
22.04.2005,17.21,17.21,16.59,16.59,18931,639868
21.04.2005,17.50,17.65,16.91,17.21,17076,590147
20.04.2005,17.80,17.89,17.50,17.50,15047,532513
19.04.2005,18.00,18.15,17.74,17.74,10680,383305
18.04.2005,18.10,18.15,18.00,18.00,5340,193041
15.04.2005,18.50,18.60,18.21,18.39,6298,231829
14.04.2005,18.54,18.75,18.45,18.65,3590,133548
13.04.2005,18.71,19.15,18.50,18.71,15665,589787
12.04.2005,18.60,18.75,18.50,18.71,5457,203273
11.04.2005,18.00,18.60,18.00,18.60,7655,280173
07.04.2005,18.10,18.15,17.95,18.15,19028,686911
06.04.2005,18.10,18.21,18.00,18.06,4671,169137
05.04.2005,18.15,18.36,18.10,18.15,21636,788849
04.04.2005,18.75,18.75,18.24,18.39,6985,258375
01.04.2005,18.80,18.89,18.71,18.75,3621,136150
31.03.2005,19.54,19.54,18.89,19.10,29609,1137874
30.03.2005,19.04,19.36,19.01,19.30,23068,885119
29.03.2005,18.71,18.89,18.50,18.86,10029,374984
24.03.2005,18.24,18.65,18.24,18.50,23956,883737
23.03.2005,17.89,18.36,17.74,18.24,39350,1420535
22.03.2005,17.95,17.95,17.74,17.89,12850,458617
21.03.2005,18.36,18.45,18.00,18.00,7439,271152
18.03.2005,18.30,18.39,18.21,18.30,37705,1380003
17.03.2005,18.45,18.50,18.00,18.39,9490,346385
16.03.2005,18.21,18.50,17.65,18.50,95077,3437034
15.03.2005,18.60,18.86,18.06,18.21,34640,1278909
14.03.2005,17.89,18.39,17.15,18.24,82254,2923307
11.03.2005,19.10,19.19,17.71,17.95,102976,3799814
10.03.2005,19.40,19.66,19.10,19.25,17769,688726
09.03.2005,19.10,19.40,19.10,19.36,10019,385732
08.03.2005,20.01,20.01,19.01,19.10,50188,1958336
07.03.2005,20.99,20.99,19.80,20.01,20838,849982
04.03.2005,20.99,21.70,20.81,20.99,29305,1245756
03.03.2005,21.60,21.60,20.60,20.90,34123,1439991
02.03.2005,23.40,23.40,21.70,21.90,26650,1201915
01.03.2005,23.20,23.61,23.00,23.61,4298,200330
28.02.2005,24.00,24.20,23.11,23.11,9470,448026
25.02.2005,24.09,24.41,23.79,23.91,9916,477951
24.02.2005,24.29,24.50,24.29,24.41,10372,506050
23.02.2005,24.59,24.59,23.79,24.29,5207,251915
22.02.2005,24.50,24.70,24.41,24.50,13377,656944
21.02.2005,24.41,24.50,24.09,24.41,6974,338867
18.02.2005,24.20,24.50,24.00,24.09,6922,335717
17.02.2005,24.09,24.50,23.91,23.91,9039,437578
16.02.2005,24.00,24.50,24.00,24.29,4889,237117
15.02.2005,24.29,24.29,23.70,24.00,19355,928846
14.02.2005,24.59,24.80,24.20,24.41,5401,264649
11.02.2005,24.80,25.00,24.50,24.80,5528,273636
10.02.2005,25.00,25.30,24.80,25.00,6694,335369
09.02.2005,25.50,25.50,25.09,25.41,10136,512780
08.02.2005,25.41,25.50,25.09,25.50,1894,95817
07.02.2005,25.09,25.59,25.09,25.59,28808,1459989
04.02.2005,25.20,25.71,25.09,25.71,2046,103937
03.02.2005,25.41,25.59,25.20,25.50,3341,169689
02.02.2005,25.80,25.80,25.50,25.59,1510,77463
01.02.2005,25.71,25.89,25.59,25.80,2146,110476
31.01.2005,25.71,25.80,25.50,25.80,5029,257988
28.01.2005,25.89,25.89,25.50,25.59,2761,141888
27.01.2005,26.00,26.00,25.71,26.00,6345,328100
26.01.2005,25.89,25.89,25.71,25.71,4441,229156
25.01.2005,26.00,26.00,25.71,25.71,8055,416524
24.01.2005,25.59,26.00,25.59,26.00,6968,359479
21.01.2005,25.89,26.00,25.89,26.00,682,35389
20.01.2005,26.30,26.50,26.00,26.21,9932,521430
19.01.2005,25.50,26.39,25.00,26.30,21509,1105348
18.01.2005,26.21,26.21,25.59,25.59,7217,373841
17.01.2005,26.21,26.21,25.71,25.80,5466,283795
14.01.2005,26.60,26.60,26.00,26.30,12381,651241
13.01.2005,26.60,26.71,26.50,26.71,4944,263070
12.01.2005,26.50,26.60,26.39,26.50,6628,351218
11.01.2005,26.60,26.71,26.30,26.60,6060,321241
10.01.2005,27.00,27.10,26.50,26.71,16088,862317
07.01.2005,26.60,27.51,26.60,27.00,53034,2869670
06.01.2005,25.71,26.71,25.20,26.71,57495,2984565
05.01.2005,25.30,25.59,25.00,25.59,8886,449543
04.01.2005,26.39,26.39,25.50,25.59,14497,752249
03.01.2005,26.60,26.71,26.21,26.21,8956,473952
31.12.2004,26.71,26.71,26.30,26.60,4263,225982
30.12.2004,26.39,26.71,26.21,26.21,10649,563545
29.12.2004,26.10,26.71,26.10,26.10,46110,2435069
28.12.2004,25.89,25.89,25.41,25.59,29644,1520737
27.12.2004,25.71,26.39,25.71,25.89,41744,2174862
24.12.2004,25.50,25.80,25.50,25.71,7723,396190
23.12.2004,24.59,25.50,24.59,25.41,34421,1724148
22.12.2004,24.59,24.80,24.20,24.20,18404,901796
21.12.2004,23.79,24.41,23.00,24.41,502416,23819543
20.12.2004,23.50,24.09,23.40,23.79,15138,718904
17.12.2004,24.00,24.00,23.50,23.50,11843,562543
16.12.2004,23.29,24.00,23.29,24.00,11137,526669
15.12.2004,23.70,23.70,23.29,23.70,3223,151449
14.12.2004,23.70,23.70,23.29,23.70,7065,331984
13.12.2004,24.00,24.00,23.50,23.50,7513,356868
10.12.2004,22.90,24.00,22.90,23.91,22068,1034989
09.12.2004,23.61,23.79,22.61,22.90,17105,793672
08.12.2004,24.50,24.50,23.40,23.70,18397,881216
07.12.2004,24.80,25.00,24.50,24.59,14578,721611
06.12.2004,25.09,25.59,24.70,24.70,32672,1643075
03.12.2004,25.59,25.71,25.30,25.50,5167,263569
02.12.2004,25.59,25.71,25.50,25.59,8428,431598
01.12.2004,25.00,25.50,24.91,25.50,3719,187475
30.11.2004,24.91,25.00,24.70,25.00,671,33349
29.11.2004,24.80,25.00,24.50,24.70,2045,101228
26.11.2004,24.20,24.50,24.09,24.50,1544,75023
25.11.2004,24.29,24.29,23.91,24.29,9732,469082
24.11.2004,23.79,24.00,23.79,24.00,11034,527315
23.11.2004,24.70,24.70,23.50,24.29,40546,1954317
22.11.2004,25.20,25.20,24.80,25.00,9638,481900
19.11.2004,25.80,25.80,25.00,25.30,8052,409042
18.11.2004,25.71,26.00,25.00,25.59,6340,323340
17.11.2004,25.30,26.00,25.30,25.50,13238,679109
16.11.2004,25.59,25.71,25.00,25.50,81759,4145999
15.11.2004,26.21,26.21,25.09,25.89,26244,1346317
12.11.2004,28.01,28.01,26.00,26.30,38676,2088891
10.11.2004,28.51,28.51,27.69,27.69,6362,357544
09.11.2004,28.81,28.81,27.00,28.01,16242,906466
08.11.2004,29.49,29.49,28.99,29.19,3880,226902
05.11.2004,29.99,29.99,29.19,29.49,2032,120254
04.11.2004,29.49,30.10,29.49,29.81,7149,426009
03.11.2004,29.99,30.20,29.31,30.20,2373,141217
02.11.2004,30.20,30.61,29.99,29.99,7570,458742
29.10.2004,29.99,30.40,29.49,30.40,15963,956024
28.10.2004,29.99,29.99,29.70,29.90,1166,69599
27.10.2004,28.30,29.81,28.30,29.81,2617,152074
26.10.2004,28.51,28.90,27.80,28.90,61058,3461989
25.10.2004,29.19,29.19,28.60,28.69,3631,209835
22.10.2004,29.60,29.81,29.19,29.60,3917,231103
21.10.2004,29.10,29.81,29.10,29.81,3290,193814
20.10.2004,29.10,29.49,29.10,29.40,12992,761201
19.10.2004,29.40,29.60,29.19,29.40,2739,161026
18.10.2004,29.10,29.40,28.99,29.31,4450,259836
15.10.2004,29.49,29.49,29.10,29.10,3052,178817
14.10.2004,29.60,29.60,29.10,29.49,3584,210381
13.10.2004,29.60,29.81,29.40,29.60,3476,205814
12.10.2004,29.99,29.99,29.49,29.49,1394,82915
11.10.2004,28.99,30.31,28.99,29.99,8643,512530
08.10.2004,29.40,29.90,29.19,29.19,9365,553378
07.10.2004,29.60,29.99,29.60,29.60,12824,764182
06.10.2004,30.79,30.79,29.99,30.31,5861,356232
05.10.2004,31.20,31.29,30.79,30.79,8774,544690
04.10.2004,31.40,31.61,31.00,31.20,6621,414541
01.10.2004,31.40,31.61,31.11,31.50,7331,459800
30.09.2004,31.11,31.50,31.11,31.29,8345,522480
29.09.2004,31.20,31.70,31.00,31.20,16382,1027151
28.09.2004,31.00,31.00,30.61,30.61,3393,209043
27.09.2004,30.49,31.00,30.31,30.79,26714,1637835
24.09.2004,29.99,29.99,29.31,29.90,38664,2292775
23.09.2004,29.10,30.20,29.10,29.99,10357,614170
22.09.2004,29.19,29.49,29.19,29.49,2454,144001
21.09.2004,28.99,29.49,28.99,29.40,32727,1913875
20.09.2004,30.31,30.31,29.49,29.49,14909,891558
17.09.2004,29.81,29.99,29.60,29.99,8145,485361
16.09.2004,30.40,30.40,29.81,29.99,12856,774060
15.09.2004,29.99,30.61,29.99,30.40,7138,432563
14.09.2004,30.70,30.79,29.81,29.99,37251,2257411
13.09.2004,31.20,31.50,30.90,30.90,11587,723029
10.09.2004,31.79,31.79,31.20,31.40,3708,233567
09.09.2004,32.11,32.41,32.00,32.00,61295,3948011
08.09.2004,32.59,32.59,32.11,32.50,2156,139493
07.09.2004,32.11,32.80,32.11,32.70,12366,802677
06.09.2004,32.00,32.59,31.50,32.59,5804,371978
03.09.2004,32.20,32.20,31.79,32.00,3244,207584
02.09.2004,31.90,32.00,31.79,31.79,4553,290436
01.09.2004,32.29,32.50,31.79,31.79,7042,452730
31.08.2004,31.79,32.70,31.79,32.50,69360,4473026
30.08.2004,31.50,32.00,31.29,32.00,3907,247274
27.08.2004,31.29,32.11,31.29,32.00,12800,811520
26.08.2004,31.00,31.29,31.00,31.29,1488,92688
25.08.2004,31.40,31.50,31.00,31.11,5345,334063
24.08.2004,31.20,31.50,31.00,31.50,4545,284063
23.08.2004,31.40,31.90,31.11,31.40,9615,605841
20.08.2004,30.61,31.20,30.61,31.20,6601,408008
19.08.2004,30.49,31.40,30.20,30.90,16315,1005004
18.08.2004,31.11,31.29,30.31,30.49,4081,251390
17.08.2004,30.90,31.00,30.40,31.00,5685,349059
16.08.2004,30.40,30.70,29.60,30.61,7385,445316
13.08.2004,31.20,31.20,30.40,30.79,4871,300054
12.08.2004,31.29,31.61,30.61,31.50,9415,585801
11.08.2004,32.70,32.70,31.50,31.50,11484,737273
10.08.2004,32.41,33.30,32.29,32.50,62377,4091307
09.08.2004,31.61,32.00,31.00,32.00,25454,1603602
06.08.2004,32.00,32.80,32.00,32.41,42598,2760350
05.08.2004,31.50,32.50,31.50,32.20,17852,1142528
04.08.2004,31.00,31.61,31.00,31.40,6346,397323
03.08.2004,31.40,31.40,31.00,31.29,5314,331594
02.08.2004,31.20,31.90,31.00,31.40,5634,354379
30.07.2004,31.79,31.90,31.50,31.61,4564,289358
29.07.2004,31.61,31.79,31.40,31.79,3349,211623
28.07.2004,32.59,32.59,31.20,31.61,9592,611874
27.07.2004,33.20,33.20,32.20,32.59,11963,782380
26.07.2004,32.29,33.20,32.11,33.00,49744,3248781
23.07.2004,32.50,32.50,31.50,31.90,13345,854080
22.07.2004,30.49,32.41,29.81,32.29,39536,2459930
21.07.2004,30.20,30.40,29.99,30.40,975,58880
20.07.2004,29.90,30.31,29.60,29.99,3659,219211
19.07.2004,29.40,29.90,29.40,29.60,12087,716759
16.07.2004,29.49,29.49,29.10,29.49,11024,645896
15.07.2004,29.81,29.99,28.99,28.99,9954,587087
14.07.2004,29.90,29.90,29.49,29.70,3917,232631
13.07.2004,29.99,29.99,29.81,29.99,6092,364302
12.07.2004,29.99,30.70,29.90,30.40,7983,483770
09.07.2004,29.90,30.20,29.90,29.99,4193,251999
08.07.2004,29.31,29.99,29.31,29.99,3267,193733
07.07.2004,29.49,29.81,29.31,29.31,2299,135917
06.07.2004,29.81,29.81,29.81,29.81,2036,121386
05.07.2004,29.81,29.81,29.81,29.81,1051,62661
02.07.2004,28.99,29.81,28.99,29.81,2146,126185
01.07.2004,29.60,29.81,29.31,29.49,1860,109963
30.06.2004,29.70,29.81,29.49,29.81,6232,369558
29.06.2004,29.49,29.81,29.40,29.81,5337,316004
28.06.2004,29.49,29.81,29.40,29.81,1284,76026
25.06.2004,29.19,29.70,29.19,29.60,3478,204819
24.06.2004,28.99,29.99,28.69,29.40,3164,185664
23.06.2004,28.90,29.19,28.69,28.81,1470,85084
22.06.2004,28.60,28.99,28.60,28.90,4096,235889
21.06.2004,28.99,28.99,28.69,28.99,726,41876
18.06.2004,28.51,28.90,28.51,28.69,4134,237333
17.06.2004,28.99,29.10,28.60,28.60,14359,828514
16.06.2004,28.81,29.19,28.81,29.10,1125,65250
15.06.2004,28.51,29.19,28.51,28.81,1893,109226
14.06.2004,28.99,29.19,28.51,29.19,1543,89031
11.06.2004,28.99,29.40,28.99,29.19,631,36844
09.06.2004,29.19,29.31,28.99,28.99,3323,193731
08.06.2004,29.70,29.70,28.99,29.19,8313,487890
07.06.2004,30.31,30.49,29.31,29.31,3879,231964
04.06.2004,29.70,30.10,29.70,29.90,10120,605176
03.06.2004,29.60,29.81,29.60,29.81,2372,140921
02.06.2004,29.40,29.81,29.10,29.81,4936,290780
01.06.2004,29.19,29.49,29.19,29.49,3536,207492
31.05.2004,29.40,29.60,29.19,29.49,3452,202943
28.05.2004,29.40,29.49,29.19,29.49,4388,257488
27.05.2004,29.40,29.49,29.31,29.40,5891,346391
26.05.2004,28.90,29.40,28.90,29.31,8315,484765
25.05.2004,29.10,29.31,28.51,28.99,14781,854637
24.05.2004,29.31,29.31,28.81,28.99,1929,112113
21.05.2004,29.31,29.40,28.69,28.90,8380,486794
20.05.2004,28.99,29.31,28.99,29.19,10566,615998
19.05.2004,29.31,29.49,29.19,29.49,5161,302847
18.05.2004,29.19,29.31,28.99,29.31,8129,473921
17.05.2004,28.51,29.40,28.51,28.99,1542,89297
14.05.2004,28.51,28.81,28.40,28.69,35121,2009272
13.05.2004,29.19,29.31,28.51,28.60,33687,1947782
12.05.2004,28.40,29.49,28.40,29.31,11066,640611
11.05.2004,28.10,28.40,27.80,28.30,43101,2422276
10.05.2004,26.50,28.40,26.50,28.30,44253,2429490
07.05.2004,28.99,29.40,28.99,29.31,15370,897454
06.05.2004,30.20,30.49,29.31,29.31,41974,2510045
05.05.2004,30.20,30.79,30.20,30.31,3347,204134
04.05.2004,30.20,30.40,30.20,30.40,6740,408444
30.04.2004,30.31,30.61,30.31,30.49,13006,792326
29.04.2004,30.79,30.79,30.20,30.49,25572,1559636
28.04.2004,30.90,30.90,30.31,30.61,3959,242330
27.04.2004,30.61,30.79,30.31,30.31,12399,757579
26.04.2004,30.40,30.79,30.31,30.61,17659,1078965
23.04.2004,30.40,30.70,30.40,30.61,7144,436498
22.04.2004,31.20,31.90,29.99,30.31,23195,1435539
21.04.2004,30.79,31.79,30.40,31.79,34671,2156189
20.04.2004,30.90,30.90,30.40,30.70,14579,893693
19.04.2004,30.49,30.79,30.31,30.70,12433,759656
16.04.2004,31.00,31.00,30.40,30.49,8413,516558
15.04.2004,30.40,31.00,30.20,31.00,16252,994622
14.04.2004,31.00,31.00,30.20,30.20,21554,1319105
13.04.2004,29.99,31.29,29.99,31.11,30389,1862238
08.04.2004,28.40,29.40,28.40,29.31,14498,837984
07.04.2004,28.10,28.51,28.10,28.40,9140,517415
06.04.2004,28.10,28.51,28.10,28.30,10828,612973
05.04.2004,28.40,28.51,28.19,28.30,20283,1150046
02.04.2004,28.19,28.51,28.19,28.40,4161,235929
01.04.2004,28.01,28.51,28.01,28.51,9711,548866
31.03.2004,28.30,28.51,27.80,28.19,12674,713673
30.03.2004,28.81,28.81,28.30,28.51,13704,782635
29.03.2004,28.10,28.60,28.10,28.51,7844,444755
26.03.2004,28.40,28.69,28.01,28.30,6762,383405
25.03.2004,28.51,28.51,28.10,28.30,9899,560382
24.03.2004,28.81,28.81,28.19,28.19,27368,1559976
23.03.2004,27.39,28.60,27.39,28.51,143232,8019560
22.03.2004,27.21,27.80,27.21,27.51,27098,1490661
19.03.2004,28.40,28.40,27.30,27.69,25703,1431657
18.03.2004,28.81,28.81,28.30,28.30,15549,888003
17.03.2004,28.40,28.90,28.01,28.81,47987,2730940
16.03.2004,27.39,28.19,27.39,28.01,45126,2508103
15.03.2004,28.01,28.01,27.10,27.69,15411,849300
12.03.2004,27.80,28.30,27.80,28.19,27282,1530520
11.03.2004,28.01,28.19,26.89,28.01,43453,2393391
10.03.2004,27.39,28.30,27.30,28.19,17752,987011
09.03.2004,28.01,28.19,27.39,27.60,41757,2320854
08.03.2004,26.89,28.10,26.71,27.90,91594,5020267
05.03.2004,27.39,27.39,26.89,27.00,18358,996472
04.03.2004,27.21,27.51,26.80,27.00,49922,2711264
03.03.2004,26.30,27.80,26.10,26.89,55562,2994792
02.03.2004,25.80,26.21,25.80,26.10,28420,1478124
01.03.2004,25.80,26.10,25.30,25.80,48527,2494288
27.02.2004,25.50,25.80,25.20,25.41,17470,890970
26.02.2004,25.00,25.89,25.00,25.59,110932,5645329
25.02.2004,25.00,25.41,24.91,25.00,15278,768789
24.02.2004,25.71,25.71,25.09,25.50,21063,1070000
23.02.2004,25.59,25.80,25.50,25.71,13927,714455
20.02.2004,25.59,26.00,25.59,25.71,16912,872490
19.02.2004,26.00,26.00,25.71,25.71,11701,605059
18.02.2004,25.89,26.39,25.59,25.80,62718,3260082
17.02.2004,25.59,25.89,25.00,25.59,13401,681977
16.02.2004,25.80,25.80,25.50,25.71,3399,174369
13.02.2004,25.80,25.89,25.50,25.59,21275,1093322
12.02.2004,25.71,26.10,25.71,26.00,25018,1296183
11.02.2004,26.00,26.00,25.71,25.80,9803,506913
10.02.2004,26.21,26.30,25.71,26.00,32414,1685852
09.02.2004,26.39,26.60,25.80,26.00,32007,1677167
06.02.2004,25.41,26.21,25.41,26.00,76920,3970610
05.02.2004,25.50,25.71,25.09,25.41,5995,304546
04.02.2004,24.59,25.41,24.59,25.30,25431,1271550
03.02.2004,24.70,24.70,24.29,24.50,5393,264203
02.02.2004,24.70,24.70,24.20,24.70,11298,552472
30.01.2004,24.70,24.70,24.20,24.70,16616,812522
29.01.2004,24.00,24.50,23.50,24.50,34754,1668192
28.01.2004,25.80,25.80,24.70,24.70,25898,1307849
27.01.2004,25.80,25.89,25.30,25.80,15600,798564
26.01.2004,26.30,26.30,25.80,26.10,16253,846781
23.01.2004,26.50,27.00,26.21,26.50,41508,2208641
22.01.2004,25.50,27.00,25.20,26.50,100801,5261812
21.01.2004,25.30,25.59,25.20,25.20,51954,2638744
20.01.2004,24.50,25.80,24.41,25.41,91354,4586884
19.01.2004,24.29,24.50,24.00,24.20,14009,679437
16.01.2004,24.91,24.91,24.29,24.29,14401,708529
15.01.2004,24.41,24.80,24.41,24.80,26904,1323946
14.01.2004,24.91,24.91,24.09,24.41,25254,1237446
13.01.2004,24.80,25.00,24.50,24.70,25847,1279427
12.01.2004,23.00,24.29,23.00,24.00,15040,711242
09.01.2004,24.09,24.41,23.29,23.29,26030,1241631
08.01.2004,24.41,24.91,24.09,24.20,25182,1233918
07.01.2004,24.70,24.70,24.09,24.29,21885,1067769
06.01.2004,25.00,25.00,24.50,24.59,18889,935006
05.01.2004,25.50,25.50,24.50,24.80,45275,2263750
02.01.2004,24.09,25.59,23.70,25.59,13715,676012
31.12.2003,24.00,24.00,23.50,23.50,4005,190238
30.12.2003,23.79,24.09,23.70,24.00,10055,480528
29.12.2003,24.20,24.20,23.70,24.00,2804,134312
23.12.2003,23.70,24.20,23.50,24.00,62155,2964794
22.12.2003,23.70,24.09,23.50,23.70,48700,2317633
19.12.2003,23.40,23.50,23.11,23.40,16072,749116
18.12.2003,23.79,23.91,22.90,23.29,38747,1813747
17.12.2003,24.00,24.20,23.79,24.00,8403,403260
16.12.2003,23.91,24.00,23.50,24.00,21024,998640
15.12.2003,23.29,24.50,23.29,23.91,68584,3277629
12.12.2003,22.90,23.40,22.79,23.00,41807,1931065
11.12.2003,21.81,22.70,21.81,22.61,23489,1045495
10.12.2003,21.99,21.99,21.70,21.90,9474,413919
09.12.2003,21.90,22.31,21.90,21.99,14814,654927
08.12.2003,21.81,21.99,21.49,21.90,19911,865730
05.12.2003,21.90,22.10,21.70,21.99,8484,371599
04.12.2003,21.99,22.40,21.90,22.20,12322,545865
03.12.2003,22.49,22.49,21.70,22.31,24774,1094763
02.12.2003,22.40,22.79,21.70,22.40,39299,1748413
01.12.2003,21.10,22.10,20.81,21.90,84496,3625723
28.11.2003,20.99,21.10,20.69,20.81,21747,908807
27.11.2003,21.60,21.70,20.99,20.99,24303,1037495
26.11.2003,20.51,21.40,20.51,21.31,25617,1073608
25.11.2003,22.20,22.20,20.99,20.99,14391,621547
24.11.2003,22.31,22.31,21.60,21.70,13624,598230
21.11.2003,21.99,22.61,21.70,21.99,42076,1864388
20.11.2003,21.99,22.79,21.20,21.90,40513,1782167
19.11.2003,22.10,22.10,21.10,21.81,26366,1139011
18.11.2003,23.79,23.91,22.79,23.00,13648,637362
17.11.2003,24.80,24.80,23.50,23.91,20614,995656
14.11.2003,23.50,24.29,23.20,24.00,15214,722513
13.11.2003,24.29,24.80,23.11,23.70,8714,417488
12.11.2003,24.50,25.20,23.91,24.00,51933,2550430
10.11.2003,23.00,24.29,23.00,24.09,36875,1743819
07.11.2003,23.00,23.61,22.79,23.00,18356,851718
06.11.2003,22.31,22.79,21.99,22.61,5744,257216
05.11.2003,23.00,23.11,21.70,22.20,14777,662157
04.11.2003,23.00,23.00,22.40,22.70,17486,793864
03.11.2003,21.70,23.20,21.70,23.11,37188,1669741
31.10.2003,20.90,21.49,20.90,21.10,17551,743987
30.10.2003,20.30,20.81,20.01,20.60,9539,389382
29.10.2003,20.10,20.60,20.01,20.19,18853,765620
28.10.2003,19.90,19.90,19.10,19.90,9621,375219
27.10.2003,19.95,20.51,19.54,19.54,7124,285316
24.10.2003,20.40,20.40,19.95,20.01,7107,286767
23.10.2003,19.04,20.30,19.04,20.30,9284,365233
22.10.2003,19.60,19.80,19.19,19.54,17705,690318
21.10.2003,20.99,20.99,19.60,19.60,15634,634584
20.10.2003,21.10,21.60,20.51,21.10,20545,865150
17.10.2003,20.30,21.90,20.19,21.20,97208,4091485
16.10.2003,18.95,20.01,18.75,19.75,99899,3872085
15.10.2003,18.80,18.80,18.10,18.75,51315,1893524
14.10.2003,16.74,17.89,16.70,17.89,58587,2026524
13.10.2003,16.85,16.85,16.65,16.74,3786,126831
10.10.2003,16.59,16.70,16.50,16.70,4941,164041
09.10.2003,16.91,16.91,16.56,16.91,9000,301230
08.10.2003,16.85,17.06,16.70,16.95,20361,687387
07.10.2003,16.95,17.00,16.50,16.91,12291,411749
06.10.2003,16.59,17.06,16.59,17.00,26187,881193
03.10.2003,16.41,16.59,16.00,16.59,9502,309670
02.10.2003,16.05,16.56,16.00,16.26,24335,792348
01.10.2003,15.50,15.91,15.44,15.85,10879,341057
30.09.2003,16.35,16.35,15.35,15.50,16929,536649
29.09.2003,17.15,17.15,16.41,16.41,9732,326606
26.09.2003,17.15,17.24,16.59,16.91,20870,706032
25.09.2003,16.35,17.21,16.35,16.95,52973,1777774
24.09.2003,15.79,15.79,15.44,15.61,6302,196811
23.09.2003,15.79,15.79,15.76,15.79,4254,134214
22.09.2003,16.30,16.30,15.85,16.00,7713,247973
19.09.2003,16.59,16.59,16.15,16.30,6430,210518
18.09.2003,16.59,16.59,16.41,16.59,3652,120516
17.09.2003,17.09,17.09,16.50,16.70,10021,336605
16.09.2003,16.80,17.00,16.15,16.65,12815,424817
15.09.2003,16.70,17.24,16.59,16.80,5692,192560
12.09.2003,17.35,17.41,16.91,16.91,8841,303423
11.09.2003,16.00,17.15,16.00,17.09,19067,632071
10.09.2003,17.80,17.80,17.00,17.30,14306,497849
09.09.2003,18.45,18.45,17.85,18.00,32686,1186502
08.09.2003,17.21,18.21,17.09,18.15,35153,1240901
05.09.2003,16.85,17.24,16.85,17.00,24354,830228
04.09.2003,16.41,16.80,16.20,16.80,8287,273471
03.09.2003,16.70,17.21,16.35,16.70,45870,1539397
02.09.2003,16.70,16.70,16.20,16.20,18757,617105
01.09.2003,16.44,16.70,16.41,16.59,20242,670213
29.08.2003,16.41,16.50,16.00,16.30,17870,580775
28.08.2003,16.05,16.05,15.61,16.00,22679,718017
27.08.2003,16.74,17.00,15.55,15.61,36414,1185276
26.08.2003,16.20,17.30,16.00,16.50,83495,2780384
25.08.2003,15.61,15.85,15.50,15.85,57660,1807641
22.08.2003,14.61,15.29,14.61,15.11,42256,1263454
21.08.2003,14.64,14.64,14.25,14.46,13018,376090
20.08.2003,14.46,14.64,14.20,14.40,11996,345965
19.08.2003,15.11,15.26,14.46,14.46,51913,1542854
18.08.2003,14.61,14.94,13.99,14.70,93076,2692689
14.08.2003,13.99,13.99,13.60,13.85,12014,331466
13.08.2003,14.90,14.94,13.90,13.99,23584,680163
12.08.2003,14.55,14.55,13.99,14.40,32833,937054
11.08.2003,15.00,15.00,14.20,14.70,16839,491699
08.08.2003,14.64,15.35,14.50,14.76,26262,783921
07.08.2003,13.70,15.00,13.60,14.50,33856,968282
06.08.2003,13.25,13.49,13.25,13.49,2697,72118
05.08.2003,13.31,13.31,13.16,13.31,2158,57122
04.08.2003,13.20,13.40,13.10,13.34,3817,101151
01.08.2003,13.60,13.75,13.05,13.20,13271,355663
31.07.2003,13.55,13.55,13.40,13.46,5041,135855
30.07.2003,13.70,13.70,13.31,13.46,4188,113118
29.07.2003,14.14,14.40,13.64,13.85,7405,207636
28.07.2003,13.34,13.99,13.34,13.99,16614,454061
25.07.2003,13.46,13.46,13.10,13.31,9397,249584
24.07.2003,13.31,13.49,13.20,13.49,13855,369790
23.07.2003,13.40,13.49,13.31,13.40,13626,365177
22.07.2003,13.16,13.34,12.99,13.10,32028,843297
21.07.2003,12.49,12.95,12.49,12.81,67765,1723942
18.07.2003,12.01,12.49,11.84,12.25,27218,662214
17.07.2003,11.51,11.80,11.30,11.80,16451,380018
16.07.2003,11.66,11.80,11.60,11.66,7251,169673
15.07.2003,12.10,12.10,11.66,11.66,6387,151755
14.07.2003,11.84,12.25,11.51,11.66,25992,617570
11.07.2003,12.01,12.01,11.60,11.66,9724,229584
10.07.2003,12.40,12.40,11.95,12.01,9352,227721
09.07.2003,12.40,12.45,12.34,12.34,1749,43358
08.07.2003,12.66,12.66,12.05,12.40,3420,84508
07.07.2003,12.81,12.81,12.19,12.49,10944,273600
04.07.2003,13.20,13.20,12.95,12.95,6153,160901
03.07.2003,13.40,13.46,13.16,13.31,2232,59416
02.07.2003,13.60,13.60,13.40,13.55,543,14661
01.07.2003,13.70,13.70,13.25,13.55,911,24551
27.06.2003,13.60,13.64,13.40,13.64,1101,29771
26.06.2003,13.60,13.70,13.49,13.70,2381,64739
25.06.2003,13.49,13.60,13.40,13.60,2991,80757
24.06.2003,13.90,13.90,13.49,13.60,2371,64942
23.06.2003,13.96,13.96,13.64,13.90,1536,42394
20.06.2003,13.34,13.70,13.34,13.60,2003,54161
18.06.2003,13.70,13.75,13.20,13.60,4188,112867
17.06.2003,13.90,13.99,13.64,13.85,2930,80956
16.06.2003,14.11,14.20,13.64,13.90,3854,107295
13.06.2003,14.25,14.25,14.20,14.25,629,17895
12.06.2003,14.11,14.35,14.11,14.29,1114,31704
11.06.2003,14.20,14.35,14.14,14.20,1060,30199
10.06.2003,14.70,14.70,14.29,14.46,2036,59024
09.06.2003,14.40,14.64,14.40,14.50,971,28198
06.06.2003,14.85,14.85,14.40,14.70,6279,183661
05.06.2003,15.20,15.35,15.11,15.35,1350,41121
04.06.2003,15.20,15.20,15.11,15.20,1245,37736
03.06.2003,15.29,15.29,15.20,15.29,1302,39698
02.06.2003,15.76,15.76,15.20,15.20,3431,106224
30.05.2003,15.40,15.70,15.40,15.70,4164,129500
29.05.2003,15.55,15.61,15.20,15.55,1899,58508
28.05.2003,15.20,15.61,15.20,15.61,1795,55304
27.05.2003,15.61,15.61,15.11,15.44,4112,126321
26.05.2003,15.79,15.85,15.44,15.61,10951,342657
23.05.2003,15.85,15.85,15.61,15.61,3171,99760
22.05.2003,15.11,16.20,15.05,15.70,39018,1219313
21.05.2003,14.94,14.94,14.55,14.79,1487,43852
20.05.2003,15.00,15.11,14.79,15.00,1812,54179
19.05.2003,14.64,15.20,14.64,15.11,313,9340
16.05.2003,15.05,15.26,14.94,15.26,2624,79245
15.05.2003,15.11,15.61,14.90,15.29,4245,129515
14.05.2003,15.11,15.79,15.11,15.79,280,8652
13.05.2003,15.05,15.55,14.90,15.55,3357,102221
12.05.2003,15.26,15.50,15.11,15.29,15678,479904
09.05.2003,14.94,15.29,14.70,15.20,8004,240040
08.05.2003,14.20,15.14,14.11,14.76,27572,806481
07.05.2003,13.99,14.20,13.81,14.14,4500,126045
06.05.2003,13.75,13.99,13.75,13.99,2276,63136
05.05.2003,13.60,13.75,13.49,13.75,460,12530
02.05.2003,13.99,13.99,13.99,13.99,1,28
30.04.2003,13.99,13.99,13.70,13.96,414,11464
29.04.2003,13.96,14.35,13.40,13.99,5254,145799
28.04.2003,13.49,13.96,13.40,13.96,152,4159
25.04.2003,13.75,13.99,13.70,13.99,694,19217
24.04.2003,13.64,13.90,13.64,13.90,441,12145
23.04.2003,13.81,13.96,13.46,13.70,1021,27996
22.04.2003,13.40,13.81,13.40,13.81,156,4245
17.04.2003,13.96,13.96,13.96,13.96,135,3769
16.04.2003,13.81,13.85,13.60,13.85,784,21521
15.04.2003,14.25,14.25,13.81,13.90,5522,154947
14.04.2003,14.61,14.79,14.50,14.50,712,20854
11.04.2003,14.55,14.90,14.55,14.90,250,7363
10.04.2003,14.94,15.00,14.50,14.94,1109,32716
09.04.2003,14.70,15.00,14.70,14.94,1244,36947
08.04.2003,14.94,15.11,14.79,15.11,1497,44760
07.04.2003,15.11,15.11,14.79,15.00,2781,83152
04.04.2003,15.29,15.29,15.00,15.11,524,15872
03.04.2003,15.20,15.29,15.05,15.29,567,17203
02.04.2003,15.20,15.20,15.20,15.20,199,6050
01.04.2003,15.61,15.61,15.11,15.11,371,11397
31.03.2003,15.11,15.11,15.11,15.11,41,1239
28.03.2003,15.50,15.55,15.50,15.55,91,2826
27.03.2003,15.50,15.50,15.50,15.50,69,2139
26.03.2003,15.14,15.50,15.14,15.40,1830,56071
25.03.2003,15.14,15.40,15.05,15.40,1273,38763
24.03.2003,15.50,15.50,15.50,15.50,299,9269
21.03.2003,15.55,15.55,15.55,15.55,401,12471
20.03.2003,15.61,15.61,15.40,15.61,12850,398479
19.03.2003,15.61,15.91,15.61,15.91,170,5358
18.03.2003,15.65,15.65,15.65,15.65,11,344
17.03.2003,15.65,15.91,15.65,15.91,474,14959
14.03.2003,15.65,15.65,15.65,15.65,45,1409
13.03.2003,15.35,15.61,15.14,15.61,2490,76568
12.03.2003,15.40,15.61,15.40,15.61,240,7442
10.03.2003,15.44,15.70,15.44,15.70,1005,31296
07.03.2003,15.44,15.70,15.44,15.70,601,18715
06.03.2003,15.44,15.61,15.44,15.50,860,26703
05.03.2003,15.50,15.61,15.50,15.61,1263,39292
04.03.2003,15.50,15.55,15.50,15.50,1200,37260
03.03.2003,15.50,15.50,15.50,15.50,506,15686
28.02.2003,15.50,15.55,15.50,15.50,1012,31423
27.02.2003,15.61,15.61,15.50,15.61,486,15119
26.02.2003,15.35,15.61,15.35,15.61,180,5573
25.02.2003,15.65,16.05,15.50,16.05,977,30824
24.02.2003,15.65,15.65,15.55,15.65,830,25896
21.02.2003,15.65,15.65,15.61,15.65,605,18912
20.02.2003,15.79,15.79,15.50,15.79,1501,46966
19.02.2003,16.00,16.00,15.79,16.00,899,28579
18.02.2003,15.70,15.76,15.55,15.76,474,14841
17.02.2003,15.91,15.91,15.65,15.76,352,11109
14.02.2003,15.91,15.91,15.91,15.91,97,3087
13.02.2003,15.91,16.00,15.91,16.00,1200,38292
12.02.2003,15.85,15.85,15.85,15.85,199,6308
11.02.2003,16.00,16.00,16.00,16.00,800,25600
10.02.2003,15.55,15.79,15.55,15.79,178,5579
07.02.2003,15.65,16.00,15.61,16.00,1672,52852
06.02.2003,15.79,15.79,15.79,15.79,329,10390
05.02.2003,15.50,16.35,15.40,15.91,1351,42894
04.02.2003,15.79,15.79,15.61,15.61,711,22325
03.02.2003,15.50,15.79,15.50,15.79,670,20964
31.01.2003,15.50,15.76,15.50,15.76,299,9347
30.01.2003,15.79,15.79,15.50,15.79,179,5601
29.01.2003,15.50,15.94,15.29,15.94,2085,65115
28.01.2003,15.40,15.70,15.35,15.50,851,26424
27.01.2003,16.26,16.26,15.20,15.79,6311,198544
24.01.2003,16.74,16.74,16.26,16.59,1309,43197
23.01.2003,16.70,17.21,16.70,16.91,1871,63446
22.01.2003,17.21,17.45,16.50,16.74,3831,130062
21.01.2003,17.41,18.00,17.41,17.45,7940,281155
20.01.2003,16.05,17.21,16.05,17.21,7430,247122
17.01.2003,15.65,16.00,15.61,16.00,12401,391996
16.01.2003,15.65,15.70,15.50,15.70,1308,40810
15.01.2003,15.50,15.70,15.50,15.61,613,19126
14.01.2003,15.50,15.50,15.50,15.50,100,3100
13.01.2003,15.26,15.76,15.26,15.76,240,7445
10.01.2003,15.26,15.29,15.26,15.29,3570,109064
09.01.2003,15.70,15.70,15.26,15.26,452,13994
08.01.2003,15.50,15.61,15.50,15.50,1344,41812
07.01.2003,15.50,15.61,15.50,15.61,1399,43523
06.01.2003,15.40,15.61,15.40,15.50,1648,51104
03.01.2003,15.50,15.94,15.26,15.94,1310,40872
02.01.2003,15.26,15.94,15.26,15.94,200,6240
31.12.2002,15.50,15.50,15.40,15.40,549,16964
30.12.2002,15.79,16.00,15.65,15.65,1306,41335
23.12.2002,15.70,15.70,15.44,15.70,313,9747
20.12.2002,15.70,15.70,15.40,15.70,72,2239
19.12.2002,15.44,15.44,15.40,15.44,960,29606
18.12.2002,15.50,15.61,15.40,15.61,3343,103666
17.12.2002,15.44,15.61,15.35,15.61,2139,66223
16.12.2002,15.50,15.65,15.50,15.65,887,27630
13.12.2002,15.79,15.79,15.61,15.70,456,14318
12.12.2002,15.61,15.79,15.50,15.79,1069,33449
11.12.2002,15.79,15.79,15.61,15.79,1410,44274
10.12.2002,15.91,15.91,15.91,15.91,20,636
09.12.2002,15.61,16.09,15.61,16.09,326,10334
06.12.2002,15.94,15.94,15.61,15.79,1107,34926
05.12.2002,15.79,16.15,15.70,16.15,494,15734
04.12.2002,16.30,16.30,16.00,16.20,386,12468
03.12.2002,16.30,16.30,16.00,16.20,1669,53909
02.12.2002,16.41,16.41,16.20,16.20,407,13272
29.11.2002,16.00,16.30,15.91,16.30,1258,40520
28.11.2002,16.20,16.20,16.00,16.00,1870,60214
27.11.2002,16.50,16.50,15.91,16.20,1224,39670
26.11.2002,17.00,17.00,16.85,16.91,692,23424
25.11.2002,15.79,17.00,15.79,17.00,1858,60924
22.11.2002,15.26,15.61,15.05,15.61,2350,72051
21.11.2002,15.50,15.55,15.11,15.14,994,30476
20.11.2002,15.00,15.40,15.00,15.40,101,3070
19.11.2002,15.20,15.26,15.20,15.20,750,22845
18.11.2002,14.90,15.44,14.90,15.44,473,14351
15.11.2002,15.00,15.20,14.94,15.20,271,8168
14.11.2002,15.00,15.00,15.00,15.00,32,960
13.11.2002,15.00,15.00,14.55,15.00,1717,50737
12.11.2002,15.29,15.29,15.11,15.11,688,20915
08.11.2002,15.00,15.76,15.00,15.50,2402,73886
07.11.2002,14.11,14.61,14.11,14.61,505,14504
06.11.2002,13.49,14.61,13.49,14.61,13171,370105
05.11.2002,13.75,13.75,13.75,13.75,4,110
04.11.2002,13.25,13.75,13.25,13.75,7,189
31.10.2002,13.20,13.75,13.20,13.75,753,20293
30.10.2002,13.40,13.40,13.31,13.40,318,8494
29.10.2002,13.49,13.75,13.40,13.75,111,3014
28.10.2002,13.49,13.75,13.49,13.75,505,13756
25.10.2002,13.40,13.49,13.40,13.49,780,20974
24.10.2002,13.70,13.70,13.70,13.70,1,27
23.10.2002,13.10,13.64,12.99,13.40,549,14620
22.10.2002,13.70,13.70,13.70,13.70,4,110
21.10.2002,13.20,13.49,13.20,13.49,766,20445
18.10.2002,13.40,13.40,13.40,13.40,140,3752
17.10.2002,13.40,13.40,13.40,13.40,4,107
16.10.2002,12.99,13.20,12.95,13.20,402,10512
15.10.2002,13.31,13.31,13.20,13.20,419,11108
14.10.2002,13.20,13.40,13.20,13.40,48024,1277438
11.10.2002,13.20,13.20,13.20,13.20,613,16183
10.10.2002,13.20,13.20,13.20,13.20,4,106
09.10.2002,12.99,12.99,12.99,12.99,16,416
08.10.2002,13.20,13.20,13.20,13.20,4,106
07.10.2002,13.34,13.34,12.99,12.99,340,8952
04.10.2002,13.34,13.34,13.34,13.34,199,5309
03.10.2002,11.90,13.34,11.90,13.34,53,1338
02.10.2002,12.31,13.34,12.31,13.34,10,257
27.09.2002,13.34,13.34,13.34,13.34,4,107
26.09.2002,13.34,13.34,13.34,13.34,4,107
25.09.2002,13.49,13.49,11.80,13.46,886,22407
24.09.2002,13.49,13.49,13.10,13.49,432,11487
23.09.2002,13.96,13.96,13.96,13.96,100,2792
20.09.2002,13.99,13.99,13.99,13.99,535,14969
19.09.2002,12.99,13.40,12.99,13.40,672,17734
18.09.2002,12.70,13.60,12.60,13.60,703,18419
17.09.2002,12.99,13.90,12.70,12.70,46,1224
16.09.2002,12.49,12.90,12.49,12.90,2436,61850
13.09.2002,12.49,12.49,12.49,12.49,2,50
12.09.2002,12.19,12.45,12.05,12.45,223,5464
11.09.2002,12.19,12.49,12.19,12.49,446,11007
10.09.2002,12.25,12.49,12.25,12.49,105,2598
09.09.2002,12.49,12.49,12.49,12.49,4,100
06.09.2002,12.60,12.60,12.19,12.19,250,6198
05.09.2002,12.01,12.01,12.01,12.01,694,16670
04.09.2002,11.51,12.16,11.51,12.16,314,7432
03.09.2002,12.75,12.75,11.80,11.80,755,18535
02.09.2002,12.49,12.81,12.49,12.81,103,2606
30.08.2002,11.75,12.49,11.75,12.49,1887,45741
29.08.2002,11.69,11.69,11.69,11.69,4,94
28.08.2002,11.60,11.60,11.60,11.60,108,2506
27.08.2002,11.80,11.80,11.40,11.51,720,16704
26.08.2002,11.51,11.75,11.51,11.75,30,698
23.08.2002,11.90,12.01,11.40,11.40,877,20531
22.08.2002,11.30,11.51,11.30,11.51,83991,1915835
21.08.2002,11.51,11.80,11.40,11.40,2753,63870
20.08.2002,12.01,12.01,11.40,11.51,2585,60515
19.08.2002,11.30,11.30,11.30,11.30,80,1808
16.08.2002,11.30,11.69,11.30,11.40,840,19312
14.08.2002,11.10,11.10,11.10,11.10,8,178
13.08.2002,11.10,11.10,11.10,11.10,109,2420
12.08.2002,11.19,11.66,11.10,11.10,653,14862
09.08.2002,11.60,11.60,11.60,11.60,288,6682
08.08.2002,11.84,12.99,11.60,11.66,1438,35360
07.08.2002,13.64,13.64,13.40,13.40,26,703
06.08.2002,12.49,13.49,12.49,13.49,30,779
05.08.2002,13.55,13.55,11.84,12.99,255,6474
02.08.2002,11.10,11.80,11.10,11.80,2039,46693
01.08.2002,11.40,11.75,11.01,11.75,345,7852
31.07.2002,11.10,12.31,10.80,11.40,3048,70439
30.07.2002,10.51,10.89,10.51,10.89,1512,32357
29.07.2002,10.10,10.71,10.10,10.51,644,13402
26.07.2002,9.80,10.30,9.21,10.00,2856,55721
25.07.2002,11.01,11.01,10.21,10.21,934,19819
24.07.2002,11.19,11.19,10.51,10.89,660,14322
23.07.2002,11.36,12.95,11.30,11.36,210,5093
22.07.2002,12.99,12.99,12.95,12.95,401,10402
19.07.2002,13.70,13.70,12.99,12.99,975,26023
18.07.2002,14.40,14.40,13.20,13.75,565,15594
17.07.2002,14.05,14.76,13.99,14.29,624,17940
16.07.2002,15.00,15.00,14.11,14.90,431,12546
15.07.2002,14.05,14.94,14.05,14.94,10,290
09.07.2002,14.20,15.35,14.20,15.29,701,20715
02.07.2002,15.00,15.00,15.00,15.00,100,3000
28.06.2002,15.44,15.44,15.44,15.44,1,31
27.06.2002,15.20,15.61,15.20,15.26,301,9274
26.06.2002,15.14,15.61,15.14,15.61,186,5720
25.06.2002,15.50,15.61,15.50,15.61,301,9364
24.06.2002,15.50,15.61,15.20,15.61,66,2033
21.06.2002,15.61,15.61,15.61,15.61,350,10927
19.06.2002,15.61,15.61,15.61,15.61,449,14018
18.06.2002,15.61,15.61,15.61,15.61,199,6213
17.06.2002,15.79,15.79,15.79,15.79,100,3158
14.06.2002,15.50,15.50,15.50,15.50,100,3100
13.06.2002,15.85,15.85,15.44,15.44,626,19588
12.06.2002,16.50,16.50,16.15,16.15,569,18578
11.06.2002,15.50,15.50,15.50,15.50,299,9269
10.06.2002,15.40,15.94,15.40,15.94,291,9120
07.06.2002,14.61,14.70,14.61,14.70,433,12691
06.06.2002,16.00,16.00,15.20,15.20,1409,43961
05.06.2002,16.09,16.95,16.00,16.95,301,9918
04.06.2002,16.95,16.95,16.95,16.95,1,34
03.06.2002,16.95,16.95,16.95,16.95,1,34
29.05.2002,16.20,17.00,16.20,17.00,38,1262
28.05.2002,16.09,16.59,16.09,16.59,240,7843
24.05.2002,17.00,17.00,17.00,17.00,20,680
23.05.2002,17.00,17.00,17.00,17.00,1,34
22.05.2002,16.20,17.00,16.20,17.00,70,2324
21.05.2002,16.20,16.20,16.20,16.20,34,1102
20.05.2002,16.50,17.00,16.09,17.00,223,7379
17.05.2002,17.00,17.00,17.00,17.00,116,3944
15.05.2002,17.00,17.00,17.00,17.00,1,34
14.05.2002,17.00,17.00,17.00,17.00,1,34
13.05.2002,16.41,16.95,16.30,16.95,91,3026
10.05.2002,17.00,17.00,17.00,17.00,1,34
09.05.2002,16.44,17.21,16.44,17.21,9,303
08.05.2002,16.20,16.50,16.20,16.50,381,12459
07.05.2002,17.21,17.59,16.50,17.59,250,8523
06.05.2002,17.21,17.21,17.21,17.21,1,34
30.04.2002,16.50,16.50,16.50,16.50,160,5280
29.04.2002,16.50,16.50,16.50,16.50,101,3333
26.04.2002,16.50,16.50,16.50,16.50,77,2541
25.04.2002,16.50,16.50,16.50,16.50,231,7623
24.04.2002,16.50,16.50,16.50,16.50,59,1947
22.04.2002,16.50,16.50,16.50,16.50,103,3399
19.04.2002,16.50,16.50,16.50,16.50,199,6567
18.04.2002,16.50,16.50,16.50,16.50,27,891
17.04.2002,16.50,16.50,16.50,16.50,299,9867
16.04.2002,16.50,16.50,16.20,16.20,2118,69259
15.04.2002,16.50,16.50,16.50,16.50,1,33
12.04.2002,17.00,17.00,16.56,16.56,153,5135
11.04.2002,17.59,17.59,17.59,17.59,1,35
10.04.2002,16.56,16.56,16.56,16.56,85,2815
09.04.2002,16.80,16.80,16.80,16.80,140,4704
08.04.2002,16.35,17.00,16.35,16.80,369,12306
05.04.2002,17.00,17.00,17.00,17.00,589,20026
04.04.2002,17.00,17.00,17.00,17.00,50,1700
03.04.2002,17.21,17.21,17.21,17.21,569,19585
02.04.2002,17.41,17.41,17.41,17.41,289,10063
28.03.2002,17.41,17.41,17.41,17.41,199,6929
25.03.2002,17.00,17.00,17.00,17.00,100,3400
22.03.2002,17.85,17.85,17.85,17.85,100,3570
21.03.2002,17.50,17.50,17.50,17.50,3316,116060
20.03.2002,17.45,17.45,17.45,17.45,40,1396
19.03.2002,17.50,17.50,17.50,17.50,294,10290
18.03.2002,17.50,17.50,17.50,17.50,46,1610
15.03.2002,17.30,17.30,17.30,17.30,62,2145
14.03.2002,17.21,17.50,17.21,17.30,310,10760
13.03.2002,16.80,18.10,16.80,17.59,10158,354514
12.03.2002,17.59,18.21,17.50,18.21,230,8213
11.03.2002,17.50,17.50,17.50,17.50,199,6965
08.03.2002,17.50,18.30,17.50,18.30,72,2578
07.03.2002,18.24,18.24,18.24,18.24,2,73
06.03.2002,18.10,18.10,18.10,18.10,90,3258
05.03.2002,18.30,18.30,18.30,18.30,65408,2393933
04.03.2002,18.30,18.30,18.30,18.30,100,3660
01.03.2002,18.00,18.39,17.56,18.39,549,19737
28.02.2002,18.00,18.00,18.00,18.00,560,20160
27.02.2002,18.21,18.21,18.00,18.00,2099,76005
26.02.2002,18.39,18.39,18.00,18.39,1102,40102
25.02.2002,18.00,18.21,18.00,18.21,4587,166095
22.02.2002,18.10,18.10,18.00,18.00,1527,55125
21.02.2002,17.80,18.71,17.80,18.71,424,15480
20.02.2002,18.00,18.00,18.00,18.00,9,324
19.02.2002,17.56,18.00,17.56,17.74,371,13193
18.02.2002,18.21,18.21,18.21,18.21,135,4917
15.02.2002,18.00,18.00,17.50,18.00,39551,1404061
14.02.2002,17.50,17.50,17.50,17.50,20,700
13.02.2002,17.50,18.00,17.50,18.00,304,10792
12.02.2002,17.80,17.89,17.50,17.89,265,9378
11.02.2002,17.80,17.89,17.80,17.89,404,14419
08.02.2002,18.30,18.30,18.30,18.30,80,2928
07.02.2002,17.30,18.80,17.30,18.60,158,5704
06.02.2002,17.30,17.30,17.30,17.30,249,8615
05.02.2002,17.30,17.30,17.30,17.30,245,8477
04.02.2002,18.00,18.21,17.41,17.41,1474,52504
01.02.2002,18.36,18.36,18.36,18.36,40,1469
31.01.2002,19.01,19.01,18.36,18.71,419,15658
30.01.2002,18.30,18.89,18.21,18.89,21517,798281
29.01.2002,19.01,19.01,18.50,19.01,176,6602
28.01.2002,19.01,19.01,18.50,19.01,280,10503
25.01.2002,19.19,19.19,19.19,19.19,100,3838
24.01.2002,19.80,19.80,19.01,19.40,863,33493
23.01.2002,20.30,20.30,19.60,19.60,1726,68867
22.01.2002,19.51,20.40,19.40,20.40,4132,164454
21.01.2002,18.71,19.40,18.50,19.40,2174,82395
18.01.2002,18.71,18.71,18.00,18.21,4166,152934
17.01.2002,17.71,18.00,17.59,18.00,2221,79045
16.01.2002,17.41,18.00,17.41,18.00,977,34596
15.01.2002,17.09,17.21,17.09,17.21,500,17150
14.01.2002,16.70,17.00,16.70,17.00,330,11121
11.01.2002,17.00,17.00,17.00,17.00,100,3400
10.01.2002,17.45,17.45,16.70,16.70,1060,36199
09.01.2002,16.35,17.45,16.35,17.45,4283,144765
08.01.2002,16.30,16.56,16.30,16.30,1271,41765
07.01.2002,16.65,16.65,16.30,16.30,302,9951
04.01.2002,16.09,16.44,16.09,16.44,2185,71078
03.01.2002,15.91,16.00,15.91,16.00,3362,107281
02.01.2002,15.70,16.00,15.70,16.00,2652,84068
31.12.2001,15.70,16.26,15.70,16.26,1980,63281
28.12.2001,16.00,16.09,16.00,16.09,245,7862
27.12.2001,15.76,16.00,15.76,16.00,140,4446
21.12.2001,15.70,15.91,15.70,15.91,1211,38280
20.12.2001,15.70,16.00,15.70,16.00,3,95
19.12.2001,15.91,16.00,15.70,16.00,4465,141541
18.12.2001,15.70,15.85,15.61,15.85,34408,1082476
17.12.2001,16.00,16.00,14.61,15.55,2246,68750
13.12.2001,16.05,16.30,16.00,16.00,1102,35595
11.12.2001,16.00,16.20,16.00,16.20,358,11528
10.12.2001,16.09,16.30,16.09,16.30,302,9782
07.12.2001,16.00,16.30,15.91,16.09,104766,3374513
06.12.2001,16.00,16.00,15.65,15.85,2542,80454
05.12.2001,15.85,15.85,15.85,15.85,69,2187
04.12.2001,15.35,15.94,15.35,15.94,1117,34951
03.12.2001,16.00,16.00,15.00,15.61,8075,250325
30.11.2001,15.29,15.29,15.00,15.00,1637,49585
29.11.2001,15.50,15.50,15.29,15.29,500,15395
28.11.2001,15.61,15.76,15.61,15.76,1109,34789
27.11.2001,15.79,15.79,15.29,15.79,109,3388
26.11.2001,16.00,16.00,15.79,15.91,260,8265
23.11.2001,16.20,16.30,15.91,15.91,484,15590
22.11.2001,16.30,16.30,16.20,16.20,694,22555
21.11.2001,16.09,16.20,16.09,16.20,135,4359
20.11.2001,16.20,16.20,16.09,16.09,3774,121862
19.11.2001,16.35,16.35,16.26,16.30,3150,102722
16.11.2001,16.20,16.35,16.00,16.35,4285,138620
15.11.2001,16.30,16.80,16.30,16.80,3105,102776
14.11.2001,16.09,16.30,16.09,16.26,3889,125965
13.11.2001,16.00,16.26,16.00,16.15,335,10807
12.11.2001,16.00,16.00,16.00,16.00,1426,45632
09.11.2001,16.00,16.00,16.00,16.00,2500,80000
08.11.2001,15.91,16.26,15.91,16.00,1891,60833
07.11.2001,16.30,16.30,15.94,16.00,3220,103813
06.11.2001,15.91,16.30,15.91,16.30,1520,48959
05.11.2001,15.94,16.35,15.94,16.26,2457,79337
02.11.2001,16.00,16.00,16.00,16.00,220,7040
31.10.2001,16.41,16.41,16.35,16.35,1803,59066
30.10.2001,16.30,16.35,16.26,16.35,2655,86580
29.10.2001,16.09,16.41,16.09,16.41,1499,48718
26.10.2001,16.09,16.41,16.09,16.35,2216,72020
25.10.2001,16.41,16.41,16.09,16.09,685,22263
24.10.2001,16.15,16.41,16.15,16.41,1600,52096
23.10.2001,16.00,16.41,16.00,16.41,1092,35392
22.10.2001,16.41,16.41,16.00,16.00,1040,33706
19.10.2001,16.41,16.41,16.35,16.35,2602,85242
18.10.2001,15.91,16.20,15.91,16.20,1119,35931
17.10.2001,16.20,16.41,15.70,15.70,2759,88591
16.10.2001,16.41,16.41,16.15,16.41,1817,59162
15.10.2001,16.00,16.41,16.00,16.41,1468,47578
12.10.2001,16.50,16.50,16.41,16.50,1650,54302
11.10.2001,16.09,16.30,16.09,16.30,727,23548
10.10.2001,16.30,16.30,16.30,16.30,750,24450
09.10.2001,16.30,16.30,16.00,16.00,1514,48902
08.10.2001,16.30,16.30,16.30,16.30,1200,39120
05.10.2001,16.05,16.30,16.00,16.00,1813,58560
04.10.2001,16.30,16.30,16.30,16.30,1000,32600
03.10.2001,16.00,16.30,16.00,16.30,1085,35046
02.10.2001,16.35,16.35,16.00,16.30,1301,42087
01.10.2001,16.41,16.41,16.05,16.05,1050,34083
28.09.2001,16.30,16.41,16.00,16.41,993,32183
27.09.2001,16.00,16.30,16.00,16.00,1292,41732
26.09.2001,16.30,16.30,15.79,16.30,1925,61773
25.09.2001,16.30,16.30,15.91,16.30,1250,40263
24.09.2001,16.30,16.30,16.30,16.30,87,2836
21.09.2001,15.76,16.30,15.76,16.30,1309,41967
20.09.2001,16.41,16.41,16.41,16.41,3000,98460
19.09.2001,16.20,16.50,15.61,15.61,4086,131201
18.09.2001,16.00,16.41,16.00,16.20,2500,81025
17.09.2001,15.50,16.00,15.20,15.50,1433,44710
14.09.2001,16.15,16.50,15.91,15.91,2000,64820
13.09.2001,16.00,16.00,16.00,16.00,1000,32000
12.09.2001,15.26,15.29,15.11,15.29,1302,39581
11.09.2001,16.00,16.50,16.00,16.09,2273,73873
10.09.2001,16.41,16.50,16.00,16.00,2087,67828
07.09.2001,16.50,16.50,16.20,16.20,199,6507
06.09.2001,16.30,16.30,16.30,16.30,199,6487
05.09.2001,16.50,16.70,16.20,16.30,5101,167823
04.09.2001,16.80,17.00,16.50,16.50,1528,51188
03.09.2001,16.00,16.91,16.00,16.91,2079,68420
31.08.2001,16.30,16.80,16.09,16.80,3000,98670
30.08.2001,16.41,16.91,16.41,16.91,398,13261
29.08.2001,16.09,16.41,16.09,16.41,920,29900
28.08.2001,16.30,16.41,16.30,16.41,1300,42523
27.08.2001,16.59,16.59,15.91,15.91,2111,68608
24.08.2001,16.56,16.59,15.79,15.91,3210,103940
23.08.2001,16.44,16.70,15.70,15.70,2700,87480
22.08.2001,16.50,17.00,15.91,15.91,2450,80630
21.08.2001,15.61,16.65,15.44,15.44,730,23426
20.08.2001,16.95,17.00,15.11,15.11,1330,42706
17.08.2001,16.26,16.26,16.20,16.20,120,3895
16.08.2001,16.80,16.80,16.30,16.50,2715,89867
14.08.2001,16.80,16.80,16.50,16.50,1601,53313
13.08.2001,17.06,17.06,16.80,16.80,4680,158465
10.08.2001,17.06,17.50,17.00,17.30,4583,158114
08.08.2001,17.30,17.45,17.30,17.45,2462,85555
07.08.2001,17.00,17.15,17.00,17.15,434,14821
06.08.2001,17.45,17.45,16.80,16.80,709,24283
01.08.2001,17.06,17.41,16.80,17.41,3436,117546
31.07.2001,17.00,17.00,17.00,17.00,500,17000
30.07.2001,17.00,17.50,16.80,17.50,1136,38965
27.07.2001,17.50,17.50,17.50,17.50,9,315
26.07.2001,16.80,17.59,16.80,17.24,3147,108225
25.07.2001,16.91,16.91,16.91,16.91,120,4058
24.07.2001,16.91,17.00,16.85,16.85,1149,38894
23.07.2001,17.50,17.50,16.80,17.00,1010,34643
20.07.2001,17.00,17.00,17.00,17.00,130,4420
19.07.2001,17.00,17.45,17.00,17.45,899,30971
18.07.2001,16.50,17.09,16.50,17.09,517,17366
17.07.2001,17.71,17.71,17.71,17.71,55,1948
16.07.2001,17.15,17.65,17.15,17.65,926,32225
13.07.2001,17.09,17.09,17.09,17.09,30,1025
12.07.2001,17.41,17.50,17.41,17.50,1900,66329
11.07.2001,17.21,17.41,17.21,17.41,2099,72667
10.07.2001,17.35,17.35,17.35,17.35,1371,47574
09.07.2001,17.00,17.30,17.00,17.21,480,16464
05.07.2001,16.80,17.41,16.80,17.41,2093,71602
04.07.2001,16.74,17.41,16.74,17.41,1100,37565
03.07.2001,16.80,17.50,16.41,17.50,3788,128451
02.07.2001,17.09,17.50,16.50,17.50,1786,60724
29.06.2001,17.24,17.50,17.24,17.50,9327,324020
28.06.2001,17.41,17.41,16.50,17.41,540,18311
27.06.2001,17.30,17.71,17.30,17.71,8292,290303
26.06.2001,17.45,17.59,17.41,17.41,648,22680
25.06.2001,17.80,17.80,17.50,17.50,357,12602
22.06.2001,17.71,17.71,17.41,17.41,10722,376557
21.06.2001,17.59,17.80,17.59,17.80,10560,373718
20.06.2001,17.45,17.65,17.45,17.65,141,4949
19.06.2001,18.00,18.00,17.71,18.00,23348,833757
18.06.2001,18.30,18.30,17.50,18.00,5961,213404
15.06.2001,18.50,18.50,18.30,18.30,5412,199162
13.06.2001,18.30,18.50,18.30,18.45,3387,124642
12.06.2001,18.30,18.36,18.30,18.30,905,33177
11.06.2001,18.30,18.45,18.30,18.36,4007,147257
08.06.2001,18.21,18.30,18.06,18.30,2589,94136
07.06.2001,18.00,18.50,18.00,18.36,3307,120706
06.06.2001,18.86,19.19,18.80,18.95,5782,219658
05.06.2001,18.21,19.01,18.21,18.50,21541,801756
04.06.2001,17.71,18.00,17.50,18.00,57055,2025453
01.06.2001,17.74,17.89,17.59,17.71,49643,1761334
31.05.2001,17.80,17.80,17.59,17.71,1320,46715
30.05.2001,17.71,17.80,17.50,17.80,1562,55139
29.05.2001,17.50,17.50,17.50,17.50,69,2415
28.05.2001,17.35,17.35,16.95,17.06,776,26617
25.05.2001,17.30,17.50,17.30,17.50,1566,54497
24.05.2001,17.06,17.24,17.06,17.24,401,13754
23.05.2001,17.50,17.50,16.91,17.30,20922,719926
22.05.2001,17.15,17.59,17.15,17.50,4149,144136
21.05.2001,17.09,17.09,16.91,17.00,32100,1091400
18.05.2001,16.95,17.00,16.70,16.95,12427,418790
17.05.2001,16.59,16.65,16.59,16.59,1566,52054
16.05.2001,16.00,16.50,16.00,16.09,11304,367380
15.05.2001,15.91,16.50,15.91,16.00,1587,51435
14.05.2001,16.30,16.50,15.50,16.50,10260,328320
11.05.2001,17.00,17.00,16.30,16.50,3004,100033
10.05.2001,16.80,17.00,16.70,16.70,11128,375014
09.05.2001,16.44,16.65,16.44,16.65,25384,839957
08.05.2001,16.91,16.91,16.50,16.80,5619,187731
07.05.2001,17.09,17.09,16.09,16.50,4436,147186
04.05.2001,17.41,17.50,17.21,17.21,1018,35335
02.05.2001,16.95,17.21,16.95,17.09,539,18412
30.04.2001,16.30,17.00,16.30,17.00,901,30003
27.04.2001,16.00,16.30,15.94,15.94,10685,344484
26.04.2001,16.05,16.15,16.00,16.00,5793,186245
25.04.2001,16.30,16.30,16.00,16.00,4806,155234
24.04.2001,16.00,16.20,16.00,16.20,10400,334880
23.04.2001,16.70,16.70,16.00,16.00,2668,87244
20.04.2001,16.41,16.41,15.91,16.15,936,30252
19.04.2001,17.00,17.00,16.15,16.15,3295,109229
18.04.2001,16.59,16.70,16.50,16.59,1350,44820
17.04.2001,16.59,17.00,16.50,16.80,1120,37520
12.04.2001,16.91,17.00,16.59,17.00,2284,76720
11.04.2001,17.09,17.09,16.59,17.09,2056,69246
10.04.2001,17.41,17.50,16.41,17.00,6325,214481
09.04.2001,17.80,17.80,16.74,17.30,576,19895
06.04.2001,17.21,17.71,17.09,17.71,3700,128760
05.04.2001,17.21,17.45,17.09,17.45,855,29532
04.04.2001,16.50,17.41,16.50,17.21,1551,52594
03.04.2001,17.50,17.50,16.65,17.50,5039,172082
02.04.2001,17.41,17.50,16.30,16.91,3102,104848
30.03.2001,15.85,16.05,15.85,16.00,2431,77549
29.03.2001,15.79,15.79,15.61,15.61,2868,90055
28.03.2001,15.70,15.85,15.50,15.79,2690,84332
27.03.2001,15.50,15.50,15.11,15.40,3935,120450
26.03.2001,15.50,15.61,15.20,15.50,2399,73913
23.03.2001,15.00,15.29,15.00,15.29,1181,35772
22.03.2001,14.40,14.40,14.14,14.29,1206,34419
21.03.2001,14.50,14.50,14.20,14.20,2355,67589
20.03.2001,14.90,14.90,14.50,14.50,3503,102988
19.03.2001,14.90,15.11,14.50,14.50,259,7669
16.03.2001,15.00,15.00,13.99,13.99,3785,109727
15.03.2001,15.11,15.11,15.00,15.00,547,16470
14.03.2001,15.50,15.50,14.46,14.46,1455,43592
13.03.2001,15.11,15.70,15.00,15.00,1790,54953
12.03.2001,16.00,16.20,15.29,16.00,376,11840
09.03.2001,16.80,17.65,16.59,17.30,401,13730
08.03.2001,17.21,17.89,16.70,17.09,2454,84884
07.03.2001,17.21,17.50,16.50,17.21,458,15572
06.03.2001,15.29,17.50,15.29,17.00,2321,76106
05.03.2001,18.89,18.89,18.00,18.00,612,22577
02.03.2001,19.01,19.01,18.50,18.89,223,8365
01.03.2001,19.45,19.45,18.50,19.01,491,18633
28.02.2001,19.45,19.45,19.45,19.45,50,1945
27.02.2001,19.10,19.60,19.10,19.60,2099,81231
26.02.2001,19.51,19.51,19.01,19.01,386,14869
23.02.2001,18.89,20.01,18.80,19.80,759,29457
22.02.2001,18.80,20.01,18.71,20.01,97882,3789991
21.02.2001,20.01,20.01,18.80,19.10,335,13001
20.02.2001,20.99,20.99,20.99,20.99,699,29344
19.02.2001,21.31,21.31,20.99,20.99,2037,86165
16.02.2001,22.70,22.70,21.31,21.99,1669,73453
15.02.2001,23.50,23.50,21.99,21.99,3928,178685
14.02.2001,23.00,23.11,22.49,23.00,2257,102919
13.02.2001,24.50,24.50,23.00,23.50,2041,96948
12.02.2001,24.00,25.00,22.70,24.91,55751,2659323
09.02.2001,24.91,24.91,22.70,22.70,150,7142
08.02.2001,23.91,24.00,23.79,23.79,415,19833
07.02.2001,24.00,24.20,23.91,23.91,483,23237
06.02.2001,24.00,24.09,24.00,24.09,320,15389
05.02.2001,24.00,24.00,24.00,24.00,100,4800
02.02.2001,23.91,24.09,23.91,24.09,77,3696
01.02.2001,23.50,25.00,23.50,23.70,2268,109998
31.01.2001,24.00,25.00,23.61,23.61,2578,125317
30.01.2001,24.50,24.50,24.50,24.50,8,392
29.01.2001,25.00,25.00,24.50,24.50,1824,90288
26.01.2001,24.50,24.59,24.50,24.59,245,12027
25.01.2001,24.00,24.50,24.00,24.50,542,26287
24.01.2001,24.50,25.00,23.70,24.09,2394,116588
23.01.2001,24.50,25.00,24.00,25.00,1707,83643
22.01.2001,23.50,24.09,23.50,24.09,839,39928
19.01.2001,24.09,24.09,23.70,23.70,590,28196
18.01.2001,25.89,25.89,23.91,23.91,312,15538
17.01.2001,23.20,25.00,23.00,24.29,27908,1339584
16.01.2001,23.11,25.00,23.11,23.20,12208,587327
15.01.2001,24.00,24.00,24.00,24.00,689,33072
12.01.2001,24.41,25.00,24.20,24.50,5280,259776
11.01.2001,24.29,24.70,24.29,24.29,403,19743
10.01.2001,23.61,24.91,23.61,24.91,831,40320
09.01.2001,21.40,25.00,21.40,25.00,284,13178
08.01.2001,25.00,26.00,24.59,25.00,22396,1133014
05.01.2001,25.00,25.00,24.50,25.00,2872,142164
04.01.2001,26.00,26.00,25.00,25.20,6461,329511
03.01.2001,26.10,26.10,25.59,26.10,2344,121161
02.01.2001,25.59,27.00,25.59,25.80,2212,116329
29.12.2000,26.21,28.99,26.21,28.99,48539,2679353
28.12.2000,26.50,26.80,26.10,26.80,5631,297880
27.12.2000,26.10,26.39,26.10,26.39,6511,341762
22.12.2000,25.50,26.10,25.09,26.00,4418,226157
21.12.2000,27.00,27.00,26.39,26.50,1214,64815
20.12.2000,25.50,27.00,25.50,27.00,18010,945525
19.12.2000,25.59,26.00,25.59,25.89,1706,88013
18.12.2000,25.41,26.80,24.00,26.80,5228,265582
15.12.2000,25.30,26.00,25.00,26.00,4314,220014
14.12.2000,25.00,25.20,25.00,25.20,1795,90109
13.12.2000,24.91,25.00,24.41,25.00,13732,678498
12.12.2000,25.00,25.00,24.50,25.00,2679,132611
11.12.2000,24.20,25.00,24.20,25.00,4663,229420
08.12.2000,24.41,25.00,24.41,25.00,1749,86418
07.12.2000,24.91,25.00,24.00,25.00,42097,2062753
06.12.2000,25.00,25.00,24.20,25.00,6740,331608
05.12.2000,24.29,24.91,24.29,24.91,2250,110700
04.12.2000,23.61,23.79,23.61,23.70,2140,101436
01.12.2000,25.00,25.00,24.09,24.91,3090,151688
30.11.2000,25.00,25.00,24.80,25.00,8110,403878
29.11.2000,24.09,25.00,24.09,25.00,12703,623590
28.11.2000,24.09,24.50,24.00,24.29,4965,240803
27.11.2000,25.20,25.41,24.50,25.09,3416,170493
24.11.2000,25.00,25.20,25.00,25.20,1217,61093
23.11.2000,25.09,25.20,25.09,25.20,2730,137292
22.11.2000,24.29,25.00,24.29,25.00,8571,422465
21.11.2000,24.20,24.91,24.20,24.91,5898,289651
20.11.2000,24.91,25.00,24.00,25.00,3470,170030
17.11.2000,24.80,25.00,24.50,24.50,9745,482378
16.11.2000,24.91,24.91,24.91,24.91,3099,154392
15.11.2000,25.00,25.00,25.00,25.00,3716,185800
14.11.2000,24.91,25.00,24.91,25.00,4515,225344
13.11.2000,24.50,24.50,24.00,24.00,2737,132745
10.11.2000,24.50,24.50,24.50,24.50,11112,544488
09.11.2000,24.00,24.91,24.00,24.91,299,14624
08.11.2000,24.09,24.91,24.09,24.91,8410,412090
07.11.2000,23.50,24.29,23.50,23.61,10725,512548
06.11.2000,23.40,24.50,22.90,22.90,30837,1461674
03.11.2000,24.00,24.91,24.00,24.00,12525,612598
02.11.2000,24.00,24.59,23.91,23.91,9083,440526
31.10.2000,24.00,25.50,24.00,25.50,20535,1016483
30.10.2000,23.91,24.00,22.79,23.91,21164,990264
27.10.2000,23.50,24.29,23.50,24.00,7864,375821
26.10.2000,23.11,24.59,23.11,24.59,3816,182023
25.10.2000,23.29,23.29,23.20,23.20,5404,251232
24.10.2000,22.10,22.61,22.10,22.61,5460,244117
23.10.2000,21.99,22.10,21.99,22.10,2298,101319
20.10.2000,22.40,22.40,22.40,22.40,1225,54880
19.10.2000,21.81,22.40,21.81,22.40,312,13794
18.10.2000,21.90,21.90,21.90,21.90,8149,356926
17.10.2000,22.10,22.10,22.10,22.10,7847,346837
16.10.2000,21.31,22.31,21.31,21.99,8799,383812
13.10.2000,21.10,21.20,20.51,21.20,7250,302398
12.10.2000,22.10,22.10,22.10,22.10,25399,1122636
11.10.2000,22.20,23.50,22.20,23.50,4708,215156
10.10.2000,22.31,23.00,22.31,23.00,1489,67467
09.10.2000,22.31,22.31,22.31,22.31,1338,59702
06.10.2000,22.31,22.31,22.10,22.10,1678,74520
05.10.2000,22.31,22.31,21.49,21.49,2870,125706
04.10.2000,21.90,21.90,21.90,21.90,460,20148
03.10.2000,21.99,21.99,21.99,21.99,940,41341
02.10.2000,22.20,22.20,22.10,22.10,750,33225
29.09.2000,22.40,22.40,22.40,22.40,8390,375872
28.09.2000,21.90,21.90,21.40,21.40,4300,186190
27.09.2000,21.40,21.40,20.99,20.99,2858,121151
26.09.2000,21.60,21.60,21.60,21.60,401,17323
25.09.2000,21.99,21.99,21.81,21.81,7200,315360
22.09.2000,21.99,21.99,21.90,21.99,10343,453954
21.09.2000,21.20,21.31,21.20,21.31,10339,439511
20.09.2000,20.40,21.20,20.40,21.20,78477,3264643
19.09.2000,20.99,20.99,20.99,20.99,1139,47815
18.09.2000,21.31,21.31,20.81,20.81,1749,73668
15.09.2000,20.60,20.60,20.60,20.60,87034,3585801
14.09.2000,21.31,21.31,20.30,20.30,1835,76354
13.09.2000,21.10,21.10,21.10,21.10,2000,84400
12.09.2000,21.40,21.40,20.99,20.99,4030,170832
11.09.2000,21.81,21.81,21.81,21.81,2144,93521
08.09.2000,22.49,22.49,22.49,22.49,4300,193414
07.09.2000,22.49,22.49,22.49,22.49,1012,45520
06.09.2000,21.60,21.60,21.60,21.60,547,23630
05.09.2000,21.60,21.60,21.60,21.60,3887,167918
04.09.2000,21.70,21.70,21.31,21.49,3700,159137
01.09.2000,21.99,21.99,20.99,20.99,600,25788
31.08.2000,22.70,22.70,22.20,22.20,3425,153783
30.08.2000,22.10,22.49,22.10,22.49,6531,291217
29.08.2000,21.99,21.99,20.90,21.60,5416,232292
28.08.2000,22.70,22.70,22.49,22.49,5832,263548
25.08.2000,22.79,22.79,22.79,22.79,4100,186878
24.08.2000,22.79,23.00,22.79,23.00,9209,421680
23.08.2000,22.49,23.11,22.49,22.90,6013,274193
22.08.2000,21.60,22.40,21.60,22.20,4762,209528
21.08.2000,20.99,20.99,20.90,20.90,24026,1006449
18.08.2000,20.90,20.99,20.90,20.99,13625,570751
17.08.2000,20.90,21.20,20.90,21.20,26597,1119734
16.08.2000,21.99,21.99,21.99,21.99,1318,57966
14.08.2000,22.49,22.49,21.60,21.60,931,41048
11.08.2000,22.49,22.61,22.40,22.61,4193,188727
10.08.2000,23.00,24.00,23.00,23.70,5181,243507
09.08.2000,24.00,24.00,23.20,23.40,2617,123522
08.08.2000,25.00,25.00,25.00,25.00,5506,275300
07.08.2000,25.09,25.09,25.09,25.09,4152,208347
04.08.2000,24.59,24.59,24.59,24.59,191,9393
03.08.2000,24.59,25.00,24.59,25.00,1281,63525
02.08.2000,24.80,24.80,24.80,24.80,765,37944
01.08.2000,25.09,25.09,25.09,25.09,600,30108
31.07.2000,25.71,25.71,25.00,25.00,2810,142495
28.07.2000,25.89,25.89,25.89,25.89,728,37696
27.07.2000,26.30,26.30,26.30,26.30,1563,82214
26.07.2000,26.50,26.50,26.50,26.50,2135,113155
25.07.2000,27.00,27.00,27.00,27.00,2168,117072
24.07.2000,27.51,27.51,27.51,27.51,3799,209021
21.07.2000,27.51,27.51,27.10,27.10,2450,133795
20.07.2000,28.19,28.19,27.60,27.60,4383,244528
19.07.2000,28.40,28.51,28.40,28.51,2481,141194
18.07.2000,28.01,28.51,28.01,28.51,945,53411
17.07.2000,27.60,28.40,27.60,28.40,2300,128800
14.07.2000,27.51,27.51,27.51,27.51,4205,231359
13.07.2000,27.51,27.51,27.30,27.30,373,20444
12.07.2000,28.30,28.30,28.30,28.30,7317,414142
11.07.2000,28.30,28.51,28.30,28.30,1995,113336
10.07.2000,28.10,28.99,28.10,28.99,3466,197874
07.07.2000,28.40,28.40,27.90,27.90,1339,75386
06.07.2000,28.51,28.51,28.51,28.51,451,25716
05.07.2000,28.60,28.60,28.40,28.40,1466,83562
04.07.2000,28.51,28.51,28.40,28.40,2353,133909
03.07.2000,28.10,28.69,28.10,28.10,1891,107390
30.06.2000,28.40,28.51,27.30,28.01,7689,429123
29.06.2000,28.40,28.40,28.40,28.40,2885,163868
28.06.2000,28.10,28.10,28.01,28.01,1060,59477
27.06.2000,28.01,28.01,28.01,28.01,10017,561152
26.06.2000,27.80,27.80,27.39,27.39,7617,420382
23.06.2000,27.80,28.01,27.80,28.01,3522,196563
21.06.2000,27.80,28.01,27.80,28.01,3742,208841
20.06.2000,28.01,28.01,28.01,28.01,7400,414548
19.06.2000,28.01,28.01,28.01,28.01,975,54620
16.06.2000,27.90,28.01,27.90,28.01,2353,131556
15.06.2000,27.80,28.01,27.80,28.01,637,35551
14.06.2000,27.60,28.01,27.60,28.01,1577,87697
13.06.2000,27.60,28.01,27.51,28.01,1856,103045
12.06.2000,27.51,28.01,27.51,27.69,10284,570968
09.06.2000,27.51,27.69,27.51,27.51,5734,316517
08.06.2000,27.69,27.69,27.69,27.69,194,10744
07.06.2000,27.69,27.69,27.69,27.69,2094,115966
06.06.2000,27.90,27.90,27.39,27.39,2650,146519
05.06.2000,28.10,28.10,27.51,27.51,2382,132463
02.06.2000,27.51,28.01,27.51,27.90,1368,75951
01.06.2000,27.60,27.60,26.50,27.30,2032,109931
31.05.2000,27.90,28.90,27.39,27.39,5227,294228
30.05.2000,27.80,27.80,27.39,27.39,6555,361770
29.05.2000,27.21,28.01,27.21,27.90,10344,571196
26.05.2000,27.51,28.01,27.51,27.51,5473,303861
25.05.2000,27.39,28.01,27.39,28.01,27525,1524885
24.05.2000,27.39,28.01,27.21,27.90,38627,2132983
23.05.2000,27.80,28.01,27.51,28.01,2300,127696
22.05.2000,27.90,27.90,27.90,27.90,1472,82138
19.05.2000,28.90,28.90,27.51,28.01,32399,1827628
18.05.2000,28.01,28.01,28.01,28.01,3005,168340
17.05.2000,27.51,28.01,27.51,28.01,3716,206312
16.05.2000,27.90,27.90,27.90,27.90,380,21204
15.05.2000,27.30,28.01,27.30,27.90,2662,147235
12.05.2000,27.69,27.90,27.69,27.90,5639,313472
11.05.2000,27.00,28.01,27.00,28.01,2903,159694
10.05.2000,27.00,27.00,27.00,27.00,579,31266
09.05.2000,27.60,28.01,27.00,28.01,6348,349203
08.05.2000,28.01,28.01,28.01,28.01,3010,168620
05.05.2000,27.90,28.01,27.90,28.01,3590,200717
04.05.2000,28.01,28.01,28.01,28.01,839,47001
28.04.2000,28.10,28.30,28.10,28.30,6176,348326
27.04.2000,28.40,28.40,28.01,28.01,3056,172389
26.04.2000,28.51,28.51,28.01,28.01,56277,3180776
25.04.2000,27.21,28.01,27.21,28.01,1778,98181
20.04.2000,28.01,28.01,28.01,28.01,9984,559304
19.04.2000,27.39,28.01,27.00,28.01,14227,782627
18.04.2000,26.50,27.51,26.00,26.30,9178,491115
17.04.2000,24.91,24.91,24.00,24.91,10030,490567
14.04.2000,27.60,28.01,27.00,28.01,625,34381
13.04.2000,27.51,27.51,27.51,27.51,800,44016
12.04.2000,27.51,27.51,27.10,27.10,1920,104851
11.04.2000,27.00,27.00,27.00,27.00,1450,78300
10.04.2000,28.01,28.01,27.80,27.80,1712,95547
07.04.2000,28.10,28.10,28.01,28.01,3042,170687
06.04.2000,27.69,28.01,27.69,27.69,9223,513721
05.04.2000,28.10,28.10,26.50,26.50,5832,318427
04.04.2000,28.01,28.01,27.60,27.60,20284,1127993
03.04.2000,29.31,29.31,28.01,28.01,3652,209333
31.03.2000,28.60,29.60,28.60,29.60,5884,342449
30.03.2000,30.31,30.31,28.60,28.60,15185,894548
29.03.2000,29.90,29.90,28.99,29.49,5556,327193
28.03.2000,30.31,30.61,30.31,30.31,38299,2333175
27.03.2000,31.61,31.61,30.70,30.70,19349,1205636
24.03.2000,29.99,31.50,29.99,31.00,31448,1933738
23.03.2000,29.19,29.99,29.19,29.90,33430,1978387
22.03.2000,28.40,28.40,28.40,28.40,7211,409585
21.03.2000,28.40,28.40,28.01,28.01,14185,800176
20.03.2000,27.51,28.01,27.51,28.01,4263,236682
17.03.2000,28.10,28.10,27.69,27.69,3212,179197
16.03.2000,27.69,27.69,27.51,27.51,5355,295596
15.03.2000,27.00,27.10,27.00,27.00,9966,539161
14.03.2000,26.89,27.51,26.89,27.51,15449,840426
13.03.2000,27.30,27.30,25.50,26.21,23866,1260125
10.03.2000,28.51,28.51,27.90,27.90,5451,307491
09.03.2000,28.51,28.51,27.69,27.80,12638,710256
08.03.2000,27.00,28.69,27.00,27.80,41436,2307571
07.03.2000,27.00,28.01,26.80,28.01,33389,1830051
06.03.2000,27.51,27.51,27.00,27.00,8770,478053
03.03.2000,27.21,27.90,27.21,27.90,11329,624341
02.03.2000,26.10,27.21,26.00,27.21,27609,1469075
01.03.2000,25.50,25.89,25.50,25.71,33585,1725933
29.02.2000,25.09,25.71,25.09,25.71,4311,218999
28.02.2000,25.50,25.50,25.50,25.50,17246,879546
25.02.2000,27.51,27.51,27.39,27.39,14397,790395
24.02.2000,28.10,28.10,28.01,28.01,2709,152002
23.02.2000,29.90,29.90,29.90,29.90,11714,700497
22.02.2000,29.90,29.90,29.90,29.90,17357,1037949
21.02.2000,28.81,30.10,28.81,29.90,29623,1745091
18.02.2000,28.99,28.99,28.51,28.51,15682,901715
17.02.2000,29.10,29.10,28.69,28.90,23755,1372801
16.02.2000,29.70,29.70,28.30,29.10,18042,1046436
15.02.2000,27.51,28.30,27.51,28.30,8982,501285
14.02.2000,29.90,29.90,28.01,28.99,32030,1854857
11.02.2000,31.11,31.11,29.60,29.99,26983,1638138
10.02.2000,31.90,31.90,31.90,31.90,15837,1010401
09.02.2000,33.00,33.00,33.00,33.00,14120,931920
08.02.2000,34.21,34.21,33.50,33.50,16627,1125814
07.02.2000,34.50,34.50,34.50,34.50,13378,923082
04.02.2000,34.50,34.60,34.50,34.50,27039,1868395
03.02.2000,34.50,35.00,34.00,34.60,22826,1574994
02.02.2000,33.59,34.21,33.30,34.21,19022,1284175
01.02.2000,33.00,33.91,33.00,33.41,32684,2186886
31.01.2000,32.00,32.00,31.00,31.00,13261,835443
28.01.2000,30.20,31.50,30.10,30.10,13714,844782
27.01.2000,29.60,29.99,29.60,29.99,13806,822700
26.01.2000,28.99,29.60,28.90,28.99,7900,462150
25.01.2000,28.69,28.99,28.51,28.99,18796,1080770
24.01.2000,29.10,29.10,28.60,28.99,14493,836246
21.01.2000,28.69,29.19,28.69,29.19,14964,866116
20.01.2000,28.51,28.51,28.19,28.19,11038,625855
19.01.2000,28.01,28.51,27.90,28.51,12768,720243
18.01.2000,28.90,29.99,28.51,28.90,28968,1694628
17.01.2000,27.00,27.60,26.50,27.60,6661,360360
14.01.2000,26.50,26.71,26.50,26.60,22611,1203131
13.01.2000,25.50,26.71,25.50,26.00,2737,142899
12.01.2000,25.00,25.50,25.00,25.50,8151,411626
11.01.2000,25.41,25.41,25.00,25.30,41520,2093023
10.01.2000,25.30,26.21,25.30,25.50,11452,589893
07.01.2000,24.29,24.59,24.29,24.29,13401,655041
06.01.2000,23.29,24.00,23.00,23.50,14829,696963
05.01.2000,23.00,24.00,23.00,23.20,42904,2016488
04.01.2000,24.50,24.50,23.11,23.50,24383,1160875
03.01.2000,24.80,24.80,24.80,24.80,39339,1951214
29.12.1999,23.70,23.70,22.90,23.61,25100,1169660
28.12.1999,23.00,23.00,22.20,22.31,47110,2129372
27.12.1999,22.79,22.79,22.31,22.31,79105,3567636
23.12.1999,21.99,22.31,21.70,21.81,18741,824791
22.12.1999,22.40,22.49,21.99,22.10,35143,1563161
21.12.1999,22.20,22.49,22.20,22.20,18769,838787
20.12.1999,21.99,22.70,21.99,22.31,33397,1492512
17.12.1999,21.20,21.70,21.20,21.40,46871,2010766
16.12.1999,20.19,20.30,19.90,20.19,25962,1043672
15.12.1999,20.01,20.40,20.01,20.01,38289,1547258
14.12.1999,19.51,20.01,19.51,19.51,41525,1641068
13.12.1999,18.80,19.51,18.80,19.40,40528,1552628
10.12.1999,18.21,18.60,18.06,18.39,26462,970097
09.12.1999,18.00,18.21,17.80,18.21,24422,879436
08.12.1999,17.80,18.00,17.50,17.89,12433,441372
07.12.1999,17.41,17.56,17.41,17.56,3329,116415
06.12.1999,17.50,17.50,17.41,17.41,16440,573920
03.12.1999,17.59,17.59,17.41,17.41,13390,468650
02.12.1999,17.80,17.80,17.50,17.71,26181,924189
01.12.1999,17.80,18.00,17.80,17.89,40721,1457812
30.11.1999,18.00,18.10,18.00,18.10,13017,469914
29.11.1999,17.59,17.59,17.21,17.50,30085,1046958
26.11.1999,18.15,18.15,17.56,17.56,12745,455124
25.11.1999,18.00,18.24,18.00,18.10,18270,662105
24.11.1999,17.59,17.89,17.50,17.80,10782,381575
23.11.1999,17.71,17.74,17.59,17.71,13344,471444
22.11.1999,18.00,18.00,17.74,17.74,17895,639567
19.11.1999,17.59,17.85,17.59,17.74,13787,488611
18.11.1999,17.00,17.56,17.00,17.30,8947,309208
17.11.1999,16.85,17.15,16.85,17.09,14406,489804
16.11.1999,16.41,16.41,16.41,16.41,3203,105122
15.11.1999,16.20,16.26,16.20,16.26,7999,259648
10.11.1999,16.20,16.20,16.20,16.20,2008,65059
09.11.1999,16.50,16.59,16.41,16.50,5972,197076
08.11.1999,16.50,16.50,16.41,16.41,6794,223591
05.11.1999,16.50,16.59,16.41,16.50,25286,834438
04.11.1999,17.00,17.00,16.50,16.50,16430,550405
03.11.1999,16.50,16.95,16.50,16.80,5441,182001
02.11.1999,16.50,16.50,16.50,16.50,31819,1050027
29.10.1999,16.50,16.65,16.50,16.59,7552,250349
28.10.1999,16.09,16.41,16.09,16.41,2358,76635
27.10.1999,16.00,16.20,16.00,16.20,4740,152628
26.10.1999,16.15,16.44,16.15,16.41,11473,373905
25.10.1999,16.26,16.26,16.15,16.15,14730,477399
22.10.1999,15.94,16.30,15.94,16.26,19411,625811
21.10.1999,16.00,16.20,15.61,15.76,19904,633146
20.10.1999,15.40,15.94,15.40,15.94,134103,4202788
19.10.1999,15.05,15.26,15.05,15.20,9170,277943
18.10.1999,15.00,15.20,15.00,15.00,17715,534993
15.10.1999,15.11,15.35,15.00,15.11,11027,334669
14.10.1999,14.70,15.11,14.70,15.11,7770,231624
13.10.1999,14.50,14.50,14.50,14.50,7240,209960
12.10.1999,14.61,14.70,14.61,14.70,25238,739726
11.10.1999,14.70,14.90,14.50,14.50,8890,261366
08.10.1999,14.70,14.76,14.50,14.70,1727,50532
07.10.1999,15.00,15.05,15.00,15.00,4259,127983
06.10.1999,14.70,14.85,14.70,14.85,6388,188765
05.10.1999,14.35,14.61,14.35,14.50,10340,299446
04.10.1999,13.49,14.11,13.49,14.11,7012,193531
01.10.1999,13.49,13.90,13.40,13.81,10205,278597
30.09.1999,13.10,13.60,13.10,13.49,32284,861983
29.09.1999,14.20,14.20,13.81,13.90,18529,518997
28.09.1999,14.50,14.50,13.90,13.90,15804,448834
27.09.1999,14.61,14.79,14.61,14.70,36897,1084772
24.09.1999,14.40,14.50,14.11,14.40,13018,372445
23.09.1999,14.50,15.29,14.50,15.29,16764,499400
22.09.1999,14.90,14.90,14.50,14.61,14250,418950
21.09.1999,15.11,15.11,14.79,14.90,10194,304801
20.09.1999,15.70,15.70,15.29,15.29,1661,51474
17.09.1999,15.61,15.79,15.61,15.79,19750,620150
16.09.1999,15.20,15.40,15.20,15.40,6465,197829
15.09.1999,15.20,15.61,14.70,15.50,21809,661031
14.09.1999,16.20,16.20,15.29,15.29,11828,372464
13.09.1999,16.59,16.59,16.20,16.30,14379,471487
10.09.1999,16.41,16.59,16.41,16.59,3235,106755
09.09.1999,16.30,16.59,16.30,16.59,17163,564491
08.09.1999,16.59,16.70,16.30,16.30,11236,370788
07.09.1999,16.59,16.80,16.50,16.59,15558,518081
06.09.1999,16.59,16.59,16.50,16.50,6790,224681
03.09.1999,16.09,16.59,16.00,16.59,13829,450687
02.09.1999,16.50,16.50,16.09,16.09,13543,441366
01.09.1999,16.59,16.70,16.50,16.70,5397,179180
31.08.1999,16.50,16.59,16.50,16.59,15301,506310
30.08.1999,16.70,17.00,16.70,16.70,17012,573304
27.08.1999,16.50,16.91,16.50,16.70,15467,516752
26.08.1999,17.21,17.21,16.80,16.91,26687,907625
25.08.1999,16.80,17.21,16.80,17.00,32937,1120187
24.08.1999,16.50,16.50,16.09,16.30,33051,1077132
23.08.1999,16.59,16.91,16.59,16.80,46292,1550782
20.08.1999,16.00,16.50,16.00,16.50,28692,932490
19.08.1999,16.09,16.20,15.91,15.91,14383,461838
18.08.1999,15.91,16.30,15.91,16.09,31182,1004372
17.08.1999,15.91,15.91,15.50,15.70,10600,332946
16.08.1999,15.50,16.00,15.50,15.91,13665,430448
13.08.1999,15.00,15.50,15.00,15.40,7477,228049
12.08.1999,15.40,15.40,15.00,15.20,3625,110200
11.08.1999,14.50,15.29,14.50,15.00,10008,298138
10.08.1999,14.79,14.79,14.50,14.50,6577,192640
09.08.1999,15.11,15.11,14.70,14.70,10908,325167
06.08.1999,15.40,15.70,15.40,15.40,7855,244291
05.08.1999,15.50,15.50,15.29,15.40,7962,245150
04.08.1999,15.70,15.79,15.61,15.61,10806,339308
03.08.1999,15.70,16.09,15.50,16.09,13179,416325
02.08.1999,15.70,16.00,15.70,15.70,5216,165347
30.07.1999,15.70,16.20,15.70,15.91,4745,151366
29.07.1999,16.09,16.09,15.70,15.70,9724,309126
28.07.1999,15.91,16.09,15.91,16.00,9700,310400
27.07.1999,15.91,16.20,15.91,16.09,10291,330444
26.07.1999,16.41,16.41,15.79,15.91,11741,378060
23.07.1999,15.91,16.41,15.91,16.30,19542,631597
22.07.1999,15.91,16.09,15.91,16.00,3679,117728
21.07.1999,16.00,16.30,16.00,16.09,6099,196998
20.07.1999,16.41,16.50,16.30,16.30,10440,342432
19.07.1999,16.80,16.80,16.41,16.41,7078,235060
16.07.1999,16.80,17.00,16.80,17.00,5512,186306
15.07.1999,17.09,17.09,16.91,16.91,10037,341258
14.07.1999,17.00,17.21,17.00,17.00,7216,246859
13.07.1999,17.09,17.30,17.00,17.00,22002,754669
12.07.1999,17.50,17.89,17.41,17.50,14616,515945
09.07.1999,17.59,17.59,17.50,17.50,14314,502278
08.07.1999,17.50,17.50,17.41,17.50,9648,336812
07.07.1999,17.50,17.50,17.21,17.41,18455,640573
06.07.1999,17.21,17.50,17.21,17.50,11611,403018
05.07.1999,17.21,17.21,17.09,17.21,14878,510315
02.07.1999,17.30,17.30,17.09,17.21,12585,432798
01.07.1999,17.09,17.30,16.91,17.09,19847,678966
30.06.1999,17.00,17.21,16.91,17.00,27876,951129
29.06.1999,17.21,17.21,16.59,16.70,26892,908950
28.06.1999,17.50,17.59,17.30,17.30,14529,506917
25.06.1999,17.30,17.41,17.00,17.41,18159,624851
24.06.1999,17.89,17.89,17.41,17.50,21429,756444
23.06.1999,17.50,17.59,17.30,17.30,26855,936971
22.06.1999,18.21,18.21,17.59,17.59,46086,1649879
21.06.1999,18.30,18.71,18.30,18.30,67537,2499544
18.06.1999,17.89,18.39,17.80,18.30,76168,2756520
17.06.1999,17.41,18.10,17.41,17.71,72597,2577919
16.06.1999,17.09,17.41,17.09,17.30,57402,1980369
15.06.1999,17.50,17.50,17.09,17.09,100524,3477125
14.06.1999,16.50,17.80,16.50,17.71,140150,4807145
11.06.1999,15.50,17.00,15.50,16.20,100123,3253998
10.06.1999,15.61,15.91,15.50,15.50,59643,1873387
09.06.1999,15.11,15.61,15.11,15.50,39778,1221980
08.06.1999,15.29,15.29,15.00,15.00,28131,852088
07.06.1999,15.50,15.50,15.29,15.40,35072,1079867
02.06.1999,15.20,15.20,14.90,15.20,46360,1395436
01.06.1999,14.70,15.29,14.70,15.00,53277,1597777
31.05.1999,14.70,14.79,14.61,14.70,7085,208299
28.05.1999,14.50,14.79,14.50,14.79,8273,242316
27.05.1999,14.79,15.11,14.61,14.79,28635,851032
26.05.1999,14.50,14.79,14.50,14.79,20970,614211
25.05.1999,14.50,14.50,14.29,14.50,24422,703109
24.05.1999,14.79,14.79,14.61,14.61,20174,593116
21.05.1999,14.50,14.79,14.50,14.70,20913,612542
20.05.1999,14.79,14.79,14.50,14.50,22981,673113
19.05.1999,14.50,14.70,14.50,14.70,50873,1485492
18.05.1999,14.40,14.70,14.29,14.70,48371,1402275
17.05.1999,14.40,14.40,14.11,14.29,47863,1364574
14.05.1999,15.00,15.20,14.40,14.50,65465,1937764
13.05.1999,15.29,15.40,15.11,15.40,36547,1115049
12.05.1999,15.91,15.91,15.11,15.29,67429,2091648
11.05.1999,15.20,16.00,15.20,15.91,107999,3369569
10.05.1999,14.79,15.11,14.79,15.00,77971,2331333
07.05.1999,14.50,15.00,14.50,15.00,40498,1194691
06.05.1999,14.79,14.79,14.61,14.61,35052,1030529
05.05.1999,14.70,14.79,14.50,14.61,28564,836640
04.05.1999,14.79,15.11,14.79,14.79,50827,1519727
30.04.1999,14.29,14.61,14.29,14.50,80037,2313069
29.04.1999,14.20,14.61,14.20,14.40,23669,681904
28.04.1999,14.61,14.79,14.20,14.29,39753,1152439
27.04.1999,15.29,15.29,14.79,14.79,36629,1101800
26.04.1999,15.00,15.50,15.00,15.29,55610,1696105
23.04.1999,15.00,15.00,14.70,15.00,58814,1746776
22.04.1999,14.20,15.11,14.20,14.90,176257,5166093
21.04.1999,14.20,14.61,14.11,14.20,35373,1015913
20.04.1999,14.20,14.29,13.99,13.99,47858,1353424
19.04.1999,14.20,14.50,14.20,14.20,58997,1693214
16.04.1999,13.99,14.20,13.99,13.99,15357,432914
15.04.1999,14.20,14.40,14.11,14.20,20451,583058
14.04.1999,14.20,14.79,14.20,14.61,24969,723851
13.04.1999,15.00,15.00,14.20,14.40,32404,946197
12.04.1999,15.20,15.20,14.50,14.70,37228,1105672
09.04.1999,15.50,15.50,14.90,15.11,210801,6408350
08.04.1999,14.11,16.30,14.11,15.40,199048,6053050
07.04.1999,13.99,14.11,13.99,13.99,44214,1242413
06.04.1999,13.99,13.99,13.81,13.81,30060,835668
01.04.1999,13.99,14.20,13.99,14.11,12250,345328
31.03.1999,13.70,13.90,13.70,13.90,2786,76894
30.03.1999,13.49,13.70,13.49,13.60,5538,150578
29.03.1999,13.99,13.99,13.70,13.90,10568,292628
26.03.1999,13.90,13.90,13.90,13.90,13289,369434
25.03.1999,13.90,14.29,13.49,13.49,20202,561212
24.03.1999,13.70,14.20,13.70,14.20,21285,593852
23.03.1999,14.40,14.90,14.29,14.29,9043,263965
22.03.1999,13.99,14.11,13.90,13.90,10143,284105
19.03.1999,13.49,14.20,13.49,13.81,3825,105914
18.03.1999,13.60,13.60,12.99,12.99,6647,176744
17.03.1999,13.70,13.70,13.70,13.70,9545,261533
16.03.1999,13.70,13.70,13.70,13.70,5286,144836
15.03.1999,13.99,13.99,13.81,13.81,5544,154123
12.03.1999,13.90,14.11,13.90,14.11,4742,132823
11.03.1999,13.81,14.11,13.81,13.99,14639,408721
10.03.1999,13.90,15.00,13.70,15.00,8551,245414
09.03.1999,13.99,13.99,13.70,13.70,28585,791519
08.03.1999,14.20,14.20,13.49,13.81,3433,95060
05.03.1999,13.90,13.99,13.90,13.99,6450,179891
04.03.1999,13.99,13.99,13.99,13.99,23295,651794
03.03.1999,13.99,13.99,13.99,13.99,9256,258983
02.03.1999,13.99,14.50,13.99,14.50,10360,295156
01.03.1999,13.90,13.90,13.60,13.60,3373,92758
26.02.1999,13.90,13.99,13.70,13.70,9368,259400
25.02.1999,13.99,13.99,13.81,13.81,29899,831192
24.02.1999,14.61,14.70,14.20,14.70,13654,394601
23.02.1999,15.00,15.00,14.61,14.61,17679,523475
22.02.1999,14.70,15.00,14.70,15.00,9877,293347
19.02.1999,15.00,15.00,14.70,14.79,18044,535907
18.02.1999,14.61,14.61,14.61,14.61,11896,347601
17.02.1999,15.00,15.00,14.70,14.70,33918,1007365
16.02.1999,15.40,15.40,15.00,15.29,18250,554800
15.02.1999,14.70,15.50,14.70,15.40,22659,684302
12.02.1999,15.00,15.00,14.50,14.79,9517,280752
11.02.1999,14.20,15.20,14.20,14.61,38033,1118170
10.02.1999,14.61,14.70,14.50,14.70,29696,867123
09.02.1999,15.11,15.29,14.79,14.90,37608,1131249
08.02.1999,15.40,15.61,15.40,15.40,8870,275059
05.02.1999,15.61,15.70,15.40,15.70,25252,785337
04.02.1999,16.00,16.59,15.50,15.61,43195,1386128
03.02.1999,15.11,15.91,15.11,15.91,15208,471752
02.02.1999,15.11,15.70,15.11,15.20,8929,275102
01.02.1999,15.70,15.70,15.00,15.50,6313,193809
29.01.1999,15.70,15.91,15.50,15.79,11959,375632
28.01.1999,15.11,16.50,15.11,15.70,24197,764867
27.01.1999,15.11,15.29,14.90,15.29,9220,278352
26.01.1999,15.11,15.11,15.00,15.00,6681,201165
25.01.1999,14.79,14.90,14.50,14.70,7554,222088
22.01.1999,15.11,15.11,14.61,14.90,14205,422173
21.01.1999,15.40,15.50,15.20,15.20,12345,378992
20.01.1999,15.50,15.70,15.40,15.50,12050,374755
19.01.1999,16.00,16.00,15.70,15.70,13162,417235
18.01.1999,15.61,16.80,15.61,16.00,8491,275193
15.01.1999,14.20,14.70,13.90,14.70,21578,617131
14.01.1999,14.29,14.79,14.29,14.29,28986,842913
13.01.1999,15.11,15.11,13.90,13.99,31544,915091
12.01.1999,15.29,15.70,14.90,14.90,22613,691958
11.01.1999,15.91,15.91,15.20,15.61,29922,930873
08.01.1999,15.11,16.70,14.90,15.91,36091,1140476
07.01.1999,15.20,15.61,14.79,14.79,48945,1487928
06.01.1999,14.40,15.20,14.40,15.20,27929,826698
05.01.1999,14.61,14.61,13.99,14.20,39450,1128270
04.01.1999,14.29,15.00,14.29,14.90,22499,658996
31.12.1998,12.99,14.90,12.99,14.61,14284,398381
30.12.1998,12.90,13.20,12.90,13.10,9109,237745
29.12.1998,12.90,12.90,12.70,12.81,14209,363750
28.12.1998,12.99,13.10,12.90,12.90,13103,340678
23.12.1998,12.40,12.70,12.40,12.70,9638,241914
22.12.1998,12.19,12.31,12.19,12.31,5727,140312
21.12.1998,11.69,11.90,11.69,11.90,4725,111463
18.12.1998,11.69,11.90,11.69,11.80,3154,74403
17.12.1998,11.90,11.90,11.40,11.80,3732,86956
16.12.1998,12.10,12.31,12.01,12.01,6948,168975
15.12.1998,11.69,11.90,11.69,11.90,7815,184356
14.12.1998,11.69,11.69,11.69,11.69,5396,126158
11.12.1998,12.01,12.01,11.69,11.69,9886,234298
10.12.1998,12.49,12.49,12.10,12.10,3693,90811
09.12.1998,12.31,12.40,12.31,12.40,5316,131358
08.12.1998,12.60,12.70,12.19,12.40,19144,476494
07.12.1998,12.70,12.70,12.70,12.70,9904,251562
04.12.1998,11.80,12.49,11.80,12.49,19867,482569
03.12.1998,11.01,12.01,11.01,12.01,14276,328634
02.12.1998,12.10,12.19,12.01,12.01,14182,343204
01.12.1998,12.10,12.40,11.90,11.90,12538,304673
30.11.1998,12.81,12.99,12.40,12.60,6206,157570
27.11.1998,13.31,13.60,13.31,13.49,16059,432148
26.11.1998,12.99,13.49,12.99,13.31,10796,285878
25.11.1998,12.49,12.99,12.49,12.99,46578,1186807
24.11.1998,13.20,13.20,12.40,12.60,15774,403814
23.11.1998,12.99,13.20,12.99,13.20,15649,409847
20.11.1998,12.60,12.99,12.60,12.90,12457,318775
19.11.1998,12.31,12.60,11.80,12.60,12202,297729
18.11.1998,12.60,12.90,12.31,12.31,13148,331461
17.11.1998,12.40,12.40,12.01,12.01,19275,470503
16.11.1998,12.19,12.81,12.19,12.81,12187,304675
13.11.1998,11.10,11.60,11.10,11.51,11252,255420
12.11.1998,10.60,10.80,10.60,10.71,31116,665882
10.11.1998,10.51,10.89,10.51,10.80,24882,532475
09.11.1998,11.30,11.51,11.30,11.51,25128,573170
06.11.1998,11.10,11.19,11.01,11.10,48946,1086601
05.11.1998,11.30,11.30,10.80,11.10,34836,769876
04.11.1998,11.01,11.40,10.89,11.30,54132,1206602
03.11.1998,11.01,11.01,10.39,10.39,28797,616256
02.11.1998,11.10,11.51,11.10,11.40,64281,1453393
30.10.1998,10.10,10.80,10.10,10.71,30409,635548
29.10.1998,9.21,9.80,9.21,9.60,47470,902405
28.10.1998,10.10,10.10,9.50,9.56,46596,913282
27.10.1998,9.35,10.30,9.35,10.10,94851,1863822
26.10.1998,8.50,9.30,8.50,9.21,64459,1147370
23.10.1998,8.20,8.50,8.20,8.44,35894,599430
22.10.1998,8.20,8.44,8.20,8.41,21781,362436
21.10.1998,8.56,8.74,8.56,8.65,15275,264258
20.10.1998,8.95,9.35,8.95,9.21,23929,437901
19.10.1998,9.15,9.15,9.00,9.00,30815,559292
16.10.1998,9.21,9.21,8.91,9.09,40205,728515
15.10.1998,8.95,9.00,8.74,8.74,12613,223755
14.10.1998,8.70,8.91,8.65,8.65,4036,70872
13.10.1998,8.91,9.21,8.91,8.95,17926,324819
12.10.1998,9.00,9.15,8.80,9.15,47979,861223
09.10.1998,8.41,8.50,8.09,8.44,38069,631565
08.10.1998,8.41,8.41,7.65,7.76,21102,338898
07.10.1998,9.30,9.30,8.50,8.65,31673,563779
06.10.1998,9.74,10.10,9.74,9.95,28511,565658
05.10.1998,10.80,10.80,10.30,10.30,25576,539654
02.10.1998,10.10,10.80,10.10,10.80,19433,406150
01.10.1998,11.19,11.19,10.60,10.80,15666,341362
30.09.1998,12.40,12.40,11.90,12.40,26658,647789
29.09.1998,13.70,14.11,13.70,13.99,17520,487231
28.09.1998,14.29,14.29,13.81,13.81,26322,739648
25.09.1998,14.29,14.50,14.11,14.29,29800,852578
24.09.1998,15.11,15.11,14.70,14.90,37037,1104073
23.09.1998,14.79,14.79,14.29,14.61,41419,1204465
22.09.1998,13.70,14.61,13.70,14.61,61662,1745651
21.09.1998,13.70,13.70,12.99,13.10,9966,265993
18.09.1998,15.20,15.20,14.50,15.20,9692,287852
17.09.1998,16.80,16.80,15.50,15.61,12366,399422
16.09.1998,18.00,18.00,17.41,17.41,17448,617834
15.09.1998,18.50,18.50,17.59,17.71,46458,1676669
14.09.1998,19.01,20.10,19.01,20.10,15273,597327
11.09.1998,19.01,19.69,19.01,19.51,11879,459717
10.09.1998,20.01,20.01,20.01,20.01,12468,498969
09.09.1998,20.99,21.20,20.99,21.20,45539,1921290
08.09.1998,20.99,21.90,20.99,21.90,32941,1412839
07.09.1998,20.01,21.10,19.60,20.01,25100,1021570
04.09.1998,19.01,19.90,19.01,19.90,31036,1207611
03.09.1998,21.10,21.10,21.10,21.10,8562,361316
02.09.1998,20.69,21.10,20.19,21.10,6721,277510
01.09.1998,19.10,19.10,19.01,19.01,10273,391504
31.08.1998,19.69,19.80,19.01,19.01,4506,174878
28.08.1998,19.01,20.01,19.01,19.40,30398,1186130
27.08.1998,20.99,20.99,20.40,20.60,18272,756278
26.08.1998,21.40,21.40,20.01,20.81,20988,869113
25.08.1998,22.10,22.10,21.70,21.70,21171,927290
24.08.1998,21.20,21.40,21.20,21.40,4574,194852
21.08.1998,20.51,20.51,19.51,19.51,23772,951355
20.08.1998,21.49,21.49,21.31,21.49,40449,1731217
19.08.1998,20.99,21.31,20.90,21.31,27078,1142962
18.08.1998,20.01,20.19,20.01,20.10,28519,1146464
17.08.1998,19.40,19.51,19.10,19.40,20748,801080
14.08.1998,19.01,19.90,19.01,19.51,44121,1716748
13.08.1998,18.71,18.71,18.39,18.50,30782,1142012
12.08.1998,20.69,20.99,20.10,20.69,16437,675396
11.08.1998,22.10,22.10,20.30,20.51,17891,758578
10.08.1998,24.50,24.50,23.40,23.70,33508,1605033
07.08.1998,25.20,25.50,24.70,24.80,29735,1492697
06.08.1998,26.50,26.50,25.09,25.09,17413,898337
05.08.1998,25.59,26.30,25.59,25.89,30502,1582749
04.08.1998,28.01,28.99,28.01,28.90,45770,2608890
03.08.1998,27.00,28.30,27.00,27.69,55902,3091381
31.07.1998,27.00,28.51,27.00,28.30,64975,3606762
30.07.1998,26.00,26.80,26.00,26.30,57187,3019474
29.07.1998,26.00,26.39,25.50,26.21,12161,631034
28.07.1998,26.39,26.39,25.80,25.80,15683,818496
27.07.1998,26.39,26.39,25.50,25.50,14743,765014
24.07.1998,26.00,26.10,25.80,26.10,23614,1225567
23.07.1998,26.00,26.21,26.00,26.21,23311,1217067
22.07.1998,26.89,26.89,26.00,26.00,14429,763150
21.07.1998,27.51,27.80,26.89,26.89,25276,1382344
20.07.1998,28.01,28.01,27.39,27.39,19690,1090826
17.07.1998,28.40,28.40,28.40,28.40,21617,1227846
16.07.1998,29.10,29.10,29.10,29.10,16168,940978
15.07.1998,29.49,29.49,29.49,29.49,29884,1762558
14.07.1998,29.19,29.19,29.19,29.19,41851,2443261
13.07.1998,28.90,28.90,28.90,28.90,9493,548695
10.07.1998,28.99,28.99,28.99,28.99,6902,400178
09.07.1998,29.49,29.49,29.49,29.49,6836,403187
08.07.1998,29.70,29.70,29.70,29.70,12512,743213
07.07.1998,29.99,29.99,29.99,29.99,23523,1410910
06.07.1998,29.99,29.99,29.99,29.99,6160,369477
03.07.1998,30.49,30.49,30.49,30.49,12483,761213
02.07.1998,31.50,31.50,31.50,31.50,6627,417501
01.07.1998,31.50,31.50,31.50,31.50,6286,396018
30.06.1998,32.00,32.00,32.00,32.00,31745,2031680
29.06.1998,32.00,32.00,32.00,32.00,605,38720
26.06.1998,32.70,32.70,32.70,32.70,2864,187306
25.06.1998,32.70,32.70,32.70,32.70,9214,602596
24.06.1998,32.70,32.70,32.70,32.70,1535,100389
23.06.1998,33.00,33.00,33.00,33.00,1728,114048
22.06.1998,33.41,33.41,33.41,33.41,6344,423906
19.06.1998,34.50,34.50,34.50,34.50,45889,3166341
18.06.1998,34.50,34.50,34.50,34.50,40175,2772075
17.06.1998,33.50,33.50,33.50,33.50,34584,2317128
16.06.1998,32.41,32.41,32.41,32.41,36548,2369041
15.06.1998,33.91,33.91,33.91,33.91,27743,1881530
10.06.1998,35.39,35.39,35.39,35.39,3632,257073
09.06.1998,38.49,38.49,38.49,38.49,4526,348411
08.06.1998,38.99,38.99,38.99,38.99,24170,1884777
05.06.1998,37.99,37.99,37.99,37.99,23452,1781883
04.06.1998,38.60,38.60,38.60,38.60,20324,1569013
03.06.1998,36.80,36.80,36.80,36.80,4014,295430
02.06.1998,39.70,39.70,39.70,39.70,3767,299100
01.06.1998,40.70,40.70,40.70,40.70,2621,213349
29.05.1998,41.80,41.80,41.80,41.80,2016,168538
28.05.1998,42.30,42.30,42.30,42.30,4683,396182
27.05.1998,43.50,43.50,43.50,43.50,13361,1162407
26.05.1998,44.80,44.80,44.80,44.80,6843,613133
25.05.1998,43.89,43.89,43.89,43.89,7370,646939
22.05.1998,42.80,42.80,42.80,42.80,8415,720324
21.05.1998,47.50,47.50,47.50,47.50,25506,2423070
20.05.1998,44.51,44.51,44.51,44.51,9806,872930
19.05.1998,45.99,45.99,45.99,45.99,5053,464775
18.05.1998,46.49,46.49,46.49,46.49,2112,196374
15.05.1998,49.00,49.00,49.00,49.00,2836,277928
14.05.1998,49.00,49.00,49.00,49.00,5674,556052
13.05.1998,50.00,50.00,50.00,50.00,4581,458100
12.05.1998,52.01,52.01,52.01,52.01,17168,1785815
11.05.1998,51.50,51.50,51.50,51.50,15153,1560759
08.05.1998,50.00,50.00,50.00,50.00,15717,1571700
07.05.1998,49.50,49.50,49.50,49.50,13233,1310067
06.05.1998,49.09,49.09,49.09,49.09,7463,732717
05.05.1998,49.09,49.09,49.09,49.09,14540,1427537
04.05.1998,49.00,49.00,49.00,49.00,15952,1563296
30.04.1998,48.91,48.91,48.91,48.91,5016,490665
29.04.1998,48.50,48.50,48.50,48.50,5564,539708
28.04.1998,48.00,48.00,48.00,48.00,26802,2572992
27.04.1998,50.00,50.00,50.00,50.00,19642,1964200
24.04.1998,48.50,48.50,48.50,48.50,10253,994541
23.04.1998,49.00,49.00,49.00,49.00,15738,1542324
22.04.1998,47.20,47.20,47.20,47.20,3774,356266
21.04.1998,46.99,46.99,46.99,46.99,45761,4300619
20.04.1998,46.99,46.99,46.99,46.99,23301,2189828
17.04.1998,46.49,46.49,46.49,46.49,32476,3019618
16.04.1998,46.99,46.99,46.99,46.99,9029,848545
15.04.1998,46.99,46.99,46.99,46.99,5340,501853
14.04.1998,45.01,45.01,45.01,45.01,4052,364761
09.04.1998,45.01,45.01,45.01,45.01,15759,1418625
08.04.1998,45.51,45.51,45.51,45.51,13026,1185627
07.04.1998,45.51,45.51,45.51,45.51,9209,838203
06.04.1998,45.10,45.10,45.10,45.10,13411,1209672
02.04.1998,44.10,44.10,44.10,44.10,11547,1018445
01.04.1998,41.41,41.41,41.41,41.41,16684,1381769
31.03.1998,45.99,45.99,45.99,45.99,21240,1953655
30.03.1998,46.20,46.20,46.20,46.20,4722,436313
27.03.1998,46.31,46.31,46.31,46.31,3069,284251
26.03.1998,45.51,45.51,45.51,45.51,3499,318479
25.03.1998,44.51,44.51,44.51,44.51,1673,148930
24.03.1998,45.01,45.01,45.01,45.01,19125,1721633
23.03.1998,45.51,45.51,45.51,45.51,5734,521909
20.03.1998,45.99,45.99,45.99,45.99,18047,1659963
19.03.1998,45.51,45.51,45.51,45.51,11859,1079406
18.03.1998,45.99,45.99,45.99,45.99,2798,257360
17.03.1998,45.99,45.99,45.99,45.99,5906,543234
16.03.1998,45.99,45.99,45.99,45.99,2652,243931
13.03.1998,48.00,48.00,48.00,48.00,9281,890976
12.03.1998,48.11,48.11,48.11,48.11,13620,1310516
11.03.1998,49.70,49.70,49.70,49.70,37673,3744696
10.03.1998,45.51,45.51,45.51,45.51,5712,519906
09.03.1998,44.01,44.01,44.01,44.01,28795,2534536
06.03.1998,45.01,45.01,45.01,45.01,24634,2217553
05.03.1998,45.01,45.01,45.01,45.01,5458,491329
04.03.1998,45.99,45.99,45.99,45.99,5846,537715
03.03.1998,47.40,47.40,47.40,47.40,3646,345641
02.03.1998,47.40,47.40,47.40,47.40,9847,933496
27.02.1998,47.90,47.90,47.90,47.90,3866,370363
26.02.1998,48.50,48.50,48.50,48.50,11489,1114433
25.02.1998,46.10,46.10,46.10,46.10,9409,867510
24.02.1998,51.00,51.00,51.00,51.00,19625,2001750
23.02.1998,51.00,51.00,51.00,51.00,20796,2121192
20.02.1998,49.00,49.00,49.00,49.00,44588,4369624
19.02.1998,47.50,47.50,47.50,47.50,43196,4103620
18.02.1998,46.40,46.40,46.40,46.40,35630,3306464
17.02.1998,45.90,45.90,45.90,45.90,30219,2774104
16.02.1998,45.69,45.69,45.69,45.69,16804,1535550
13.02.1998,48.00,48.00,48.00,48.00,5444,522624
12.02.1998,49.00,49.00,49.00,49.00,3693,361914
11.02.1998,50.50,50.50,50.50,50.50,10361,1046461
10.02.1998,53.51,53.51,53.51,53.51,12206,1306286
09.02.1998,53.99,53.99,53.99,53.99,6891,744090
06.02.1998,53.01,53.01,53.01,53.01,9259,981639
05.02.1998,50.00,50.00,50.00,50.00,10709,1070900
04.02.1998,50.00,50.00,50.00,50.00,9792,979200
03.02.1998,50.00,50.00,50.00,50.00,16577,1657700
02.02.1998,50.00,50.00,50.00,50.00,3003,300300
30.01.1998,49.00,49.00,49.00,49.00,11951,1171198
29.01.1998,47.29,47.29,47.29,47.29,4001,378415
28.01.1998,45.99,45.99,45.99,45.99,10318,949050
27.01.1998,44.30,44.30,44.30,44.30,4009,355197
26.01.1998,48.00,48.00,48.00,48.00,1875,180000
23.01.1998,49.00,49.00,49.00,49.00,3273,320754
22.01.1998,49.00,49.00,49.00,49.00,1922,188356
21.01.1998,50.00,50.00,50.00,50.00,854,85400
20.01.1998,50.00,50.00,50.00,50.00,3843,384300
19.01.1998,51.00,51.00,51.00,51.00,2444,249288
16.01.1998,50.50,50.50,50.50,50.50,1981,200081
15.01.1998,51.00,51.00,51.00,51.00,2098,213996
14.01.1998,52.51,52.51,52.51,52.51,3734,392145
13.01.1998,53.01,53.01,53.01,53.01,4139,438817
12.01.1998,52.51,52.51,52.51,52.51,4406,462718
09.01.1998,53.99,53.99,53.99,53.99,2217,239392
08.01.1998,54.99,54.99,54.99,54.99,2063,226889
07.01.1998,56.00,56.00,56.00,56.00,10019,1122128
06.01.1998,57.00,57.00,57.00,57.00,3677,419178
05.01.1998,54.99,54.99,54.99,54.99,1363,149903
31.12.1997,53.99,53.99,53.99,53.99,2046,220927
30.12.1997,53.51,53.51,53.51,53.51,3143,336364
29.12.1997,53.51,53.51,53.51,53.51,2560,273971
23.12.1997,53.01,53.01,53.01,53.01,4427,469351
22.12.1997,53.01,53.01,53.01,53.01,3006,318696
19.12.1997,52.51,52.51,52.51,52.51,7725,811280
18.12.1997,53.01,53.01,53.01,53.01,3778,400544
17.12.1997,53.01,53.01,53.01,53.01,10053,1065819
16.12.1997,52.51,52.51,52.51,52.51,14949,1569944
15.12.1997,52.51,52.51,52.51,52.51,7329,769692
12.12.1997,52.01,52.01,52.01,52.01,14085,1465122
11.12.1997,51.50,51.50,51.50,51.50,10343,1065329
10.12.1997,51.50,51.50,51.50,51.50,10642,1096126
09.12.1997,52.01,52.01,52.01,52.01,3942,410047
08.12.1997,52.01,52.01,52.01,52.01,6864,713993
05.12.1997,51.50,51.50,51.50,51.50,3505,361015
04.12.1997,52.01,52.01,52.01,52.01,6966,724603
03.12.1997,51.50,51.50,51.50,51.50,8478,873234
02.12.1997,50.00,50.00,50.00,50.00,9995,999500
01.12.1997,49.50,49.50,49.50,49.50,4240,419760
28.11.1997,49.09,49.09,49.09,49.09,3854,378386
27.11.1997,49.00,49.00,49.00,49.00,10290,1008420
26.11.1997,48.00,48.00,48.00,48.00,14184,1361664
25.11.1997,47.50,47.50,47.50,47.50,14814,1407330
24.11.1997,48.00,48.00,48.00,48.00,11993,1151328
21.11.1997,48.00,48.00,48.00,48.00,3734,358464
20.11.1997,46.60,46.60,46.60,46.60,4419,411851
19.11.1997,46.49,46.49,46.49,46.49,3551,330172
18.11.1997,46.90,46.90,46.90,46.90,6178,579496
17.11.1997,46.10,46.10,46.10,46.10,3282,302600
14.11.1997,43.71,43.71,43.71,43.71,4033,352565
13.11.1997,45.51,45.51,45.51,45.51,8989,818179
12.11.1997,45.99,45.99,45.99,45.99,5670,521527
07.11.1997,45.99,45.99,45.99,45.99,5341,491265
06.11.1997,45.99,45.99,45.99,45.99,827,76067
05.11.1997,47.90,47.90,47.90,47.90,1066,102123
04.11.1997,47.90,47.90,47.90,47.90,6347,608043
03.11.1997,47.40,47.40,47.40,47.40,8813,835472
31.10.1997,44.90,44.90,44.90,44.90,8693,780631
30.10.1997,46.49,46.49,46.49,46.49,10567,982520
29.10.1997,46.99,46.99,46.99,46.99,32506,3054914
28.10.1997,43.21,43.21,43.21,43.21,0,0
27.10.1997,48.00,48.00,48.00,48.00,27004,2592384
24.10.1997,48.00,48.00,48.00,48.00,7091,680736
23.10.1997,49.00,49.00,49.00,49.00,7594,744212
22.10.1997,50.00,50.00,50.00,50.00,12907,1290700
21.10.1997,50.00,50.00,50.00,50.00,11782,1178200
20.10.1997,49.00,49.00,49.00,49.00,8628,845544
17.10.1997,49.00,49.00,49.00,49.00,9884,968632
16.10.1997,48.00,48.00,48.00,48.00,4388,421248
15.10.1997,49.00,49.00,49.00,49.00,9336,914928
14.10.1997,49.50,49.50,49.50,49.50,7910,783090
13.10.1997,49.00,49.00,49.00,49.00,3505,343490
10.10.1997,48.00,48.00,48.00,48.00,13138,1261248
09.10.1997,48.00,48.00,48.00,48.00,7324,703104
08.10.1997,46.99,46.99,46.99,46.99,9836,924387
07.10.1997,45.99,45.99,45.99,45.99,14052,1292503
06.10.1997,45.19,45.19,45.19,45.19,3152,284878
03.10.1997,46.99,46.99,46.99,46.99,1211,113810
02.10.1997,47.61,47.61,47.61,47.61,8651,823748
01.10.1997,47.50,47.50,47.50,47.50,10889,1034455
30.09.1997,47.61,47.61,47.61,47.61,3683,350695
29.09.1997,47.50,47.50,47.50,47.50,2723,258685
26.09.1997,49.09,49.09,49.09,49.09,8374,822159
25.09.1997,49.91,49.91,49.91,49.91,3057,305150
24.09.1997,50.00,50.00,50.00,50.00,5872,587200
23.09.1997,50.50,50.50,50.50,50.50,5499,555399
22.09.1997,50.00,50.00,50.00,50.00,8543,854300
19.09.1997,48.91,48.91,48.91,48.91,6081,594843
18.09.1997,48.00,48.00,48.00,48.00,4868,467328
17.09.1997,48.50,48.50,48.50,48.50,3764,365108
16.09.1997,48.50,48.50,48.50,48.50,6958,674926
15.09.1997,47.79,47.79,47.79,47.79,14896,1423760
12.09.1997,48.79,48.79,48.79,48.79,20306,1981459
11.09.1997,47.50,47.50,47.50,47.50,14968,1421960
10.09.1997,46.49,46.49,46.49,46.49,10516,977778
09.09.1997,45.51,45.51,45.51,45.51,31011,2822621
08.09.1997,45.30,45.30,45.30,45.30,7575,686295
05.09.1997,46.49,46.49,46.49,46.49,25859,2404370
04.09.1997,46.70,46.70,46.70,46.70,32098,2997953
03.09.1997,46.70,46.70,46.70,46.70,9865,921391
02.09.1997,45.01,45.01,45.01,45.01,15479,1393420
01.09.1997,43.00,43.00,43.00,43.00,7535,648010
29.08.1997,43.50,43.50,43.50,43.50,21751,1892337
28.08.1997,42.00,42.00,42.00,42.00,12824,1077216
27.08.1997,41.00,41.00,41.00,41.00,9867,809094
26.08.1997,40.61,40.61,40.61,40.61,14858,1206767
25.08.1997,40.50,40.50,40.50,40.50,9368,758808
22.08.1997,40.11,40.11,40.11,40.11,8191,657082
21.08.1997,41.91,41.91,41.91,41.91,9713,814144
20.08.1997,41.50,41.50,41.50,41.50,16867,1399961
19.08.1997,40.00,40.00,40.00,40.00,21163,1693040
18.08.1997,39.70,39.70,39.70,39.70,39282,3118991
14.08.1997,40.00,40.00,40.00,40.00,46999,3759920
13.08.1997,39.70,39.70,39.70,39.70,52255,4149047
12.08.1997,39.50,39.50,39.50,39.50,25510,2015290
11.08.1997,39.90,39.90,39.90,39.90,59975,4786005
08.08.1997,38.99,38.99,38.99,38.99,49641,3871005
07.08.1997,38.40,38.40,38.40,38.40,26862,2063002
06.08.1997,38.49,38.49,38.49,38.49,20208,1555612
05.08.1997,37.40,37.40,37.40,37.40,40187,3005988
04.08.1997,37.49,37.49,37.49,37.49,41467,3109196
01.08.1997,37.40,37.40,37.40,37.40,30575,2287010
31.07.1997,37.49,37.49,37.49,37.49,38693,2901201
30.07.1997,37.90,37.90,37.90,37.90,33218,2517924
29.07.1997,37.99,37.99,37.99,37.99,33788,2567212
28.07.1997,37.99,37.99,37.99,37.99,32539,2472313
25.07.1997,38.49,38.49,38.49,38.49,40493,3117151
24.07.1997,38.40,38.40,38.40,38.40,50858,3905894
23.07.1997,38.10,38.10,38.10,38.10,22021,1678000
22.07.1997,37.60,37.60,37.60,37.60,6316,474963
21.07.1997,37.01,37.01,37.01,37.01,24688,1827406
18.07.1997,37.01,37.01,37.01,37.01,27770,2055535
17.07.1997,37.90,37.90,37.90,37.90,66669,5053510
16.07.1997,36.19,36.19,36.19,36.19,22568,1633472
15.07.1997,35.39,35.39,35.39,35.39,31116,2202390
14.07.1997,34.00,34.00,34.00,34.00,71632,4870976
11.07.1997,33.91,33.91,33.91,33.91,14602,990308
10.07.1997,33.80,33.80,33.80,33.80,8240,557024
09.07.1997,34.09,34.09,34.09,34.09,13798,940748
08.07.1997,33.80,33.80,33.80,33.80,11302,764015
07.07.1997,33.00,33.00,33.00,33.00,22485,1484010
04.07.1997,32.50,32.50,32.50,32.50,9908,644020
03.07.1997,31.70,31.70,31.70,31.70,12938,820269
02.07.1997,31.50,31.50,31.50,31.50,9857,620991
01.07.1997,31.20,31.20,31.20,31.20,4095,255528
30.06.1997,32.41,32.41,32.41,32.41,3640,235945
27.06.1997,31.20,31.20,31.20,31.20,2901,181022
26.06.1997,31.50,31.50,31.50,31.50,12273,773199
25.06.1997,32.50,32.50,32.50,32.50,12277,798005
24.06.1997,32.00,32.00,32.00,32.00,8796,562944
23.06.1997,33.00,33.00,33.00,33.00,19757,1303962
20.06.1997,34.60,34.60,34.60,34.60,27355,1892966
19.06.1997,34.30,34.30,34.30,34.30,20715,1421049
18.06.1997,33.00,33.00,33.00,33.00,22046,1455036
17.06.1997,33.30,33.30,33.30,33.30,10578,704495
16.06.1997,33.50,33.50,33.50,33.50,13901,931367
13.06.1997,33.50,33.50,33.50,33.50,20148,1349916
12.06.1997,33.50,33.50,33.50,33.50,26851,1799017
11.06.1997,32.11,32.11,32.11,32.11,14829,952318
10.06.1997,31.00,31.00,31.00,31.00,36630,2271060
09.06.1997,29.99,29.99,29.99,29.99,38033,2281219
06.06.1997,28.99,28.99,28.99,28.99,8671,502745
05.06.1997,28.19,28.19,28.19,28.19,22943,1293526
04.06.1997,28.51,28.51,28.51,28.51,16561,944308
03.06.1997,28.99,28.99,28.99,28.99,25586,1483476
02.06.1997,29.99,29.99,29.99,29.99,13566,813689
30.05.1997,29.99,29.99,29.99,29.99,5666,339847
28.05.1997,29.49,29.49,29.49,29.49,11932,703749
27.05.1997,29.99,29.99,29.99,29.99,38674,2319667
26.05.1997,30.49,30.49,30.49,30.49,106066,6467905
23.05.1997,31.00,31.00,31.00,31.00,90418,5605916
22.05.1997,32.00,32.00,32.00,32.00,15894,1017216
21.05.1997,32.91,32.91,32.91,32.91,19574,1288361
20.05.1997,33.50,33.50,33.50,33.50,9000,603000
19.05.1997,34.00,34.00,34.00,34.00,6234,423912
16.05.1997,33.09,33.09,33.09,33.09,54502,3606942
15.05.1997,33.50,33.50,33.50,33.50,37745,2528915
14.05.1997,34.89,34.89,34.89,34.89,36002,2512220
13.05.1997,36.51,36.51,36.51,36.51,22178,1619438
12.05.1997,37.99,37.99,37.99,37.99,151448,11507019
09.05.1997,36.30,36.30,36.30,36.30,159297,11564962
08.05.1997,33.00,33.00,33.00,33.00,134939,8905974
